0.003979 31.293276
0.506903 31.293276
1.009866 31.293276
1.512824 30.307741
2.015786 30.307741
2.518746 30.307741
3.021706 30.307741
3.524666 31.293276
4.027626 30.307741
4.530586 30.307741
5.033548 30.307741
5.536507 30.307741
6.039467 30.307741
6.542428 30.307741
7.045389 30.307741
7.548348 30.307741
8.051309 30.307741
8.554269 31.293276
9.057230 30.307741
9.560190 31.293276
10.063150 31.293276
10.566116 30.307741
11.069073 30.307741
11.572032 30.307741
12.074993 31.293276
12.577954 30.307741
13.080922 30.307741
13.583872 31.293276
14.086834 31.293276
14.589794 31.293276
15.092754 31.293276
15.595714 31.293276
16.097677 31.293276
16.600635 31.293276
17.103596 31.293276
17.606556 31.293276
18.109518 31.786044
18.612477 31.786044
19.115442 31.786044
19.618403 31.786044
20.121360 32.032428
20.624320 32.032428
21.127278 32.032428
21.630239 32.032428
22.133200 32.032428
22.636160 32.525195
23.139121 32.032428
23.642081 33.017963
24.145042 33.017963
24.648002 33.017963
25.150962 33.757114
25.653922 34.003498
26.156894 34.003498
26.659843 34.003498
27.162805 34.003498
27.665765 35.235417
28.168726 35.235417
28.671685 35.235417
29.174645 35.235417
29.677607 35.974568
30.180568 35.974568
30.683528 35.974568
31.186486 35.974568
31.689449 35.974568
32.192403 36.960103
32.695364 36.960103
33.198321 38.192022
33.701284 38.192022
34.204248 38.192022
34.707211 38.192022
35.210166 39.177558
35.713127 39.177558
36.216091 39.177558
36.719046 39.670325
37.222009 39.670325
37.724970 39.916709
38.227925 39.916709
38.730888 39.916709
39.233854 40.409476
39.736809 40.409476
40.239769 40.902244
40.742729 41.641395
41.245695 41.887779
41.748652 41.887779
42.251616 41.887779
42.754570 41.887779
43.257540 43.119698
43.760497 44.105233
44.263453 44.105233
44.766414 44.105233
45.269380 44.105233
45.772334 44.105233
46.275299 44.351617
46.778258 44.844385
47.281230 46.076304
47.784175 46.076304
48.287138 46.076304
48.790100 46.076304
49.293058 46.076304
49.796019 47.061839
50.298978 48.047374
50.801938 48.047374
51.304909 48.047374
51.807857 48.047374
52.310817 48.047374
52.813783 48.047374
53.316741 48.293758
53.819698 48.293758
54.322665 48.786525
54.828641 49.772061
55.331585 49.772061
55.834556 49.772061
56.337508 49.772061
56.840467 49.772061
57.343424 51.003980
57.846382 51.003980
58.349357 51.496747
58.852310 51.496747
59.355271 51.743131
59.858227 51.743131
60.361192 51.743131
60.864150 52.235898
61.367108 52.235898
61.870069 53.960585
62.373034 53.960585
62.875988 53.960585
63.378946 53.960585
63.881906 53.960585
64.384865 53.960585
64.887831 54.946120
65.390794 54.946120
65.893755 54.946120
66.396712 55.931655
66.899670 55.931655
67.402628 55.931655
67.905593 55.931655
68.408557 55.931655
68.911510 56.178039
69.414475 56.178039
69.917433 56.670807
70.420392 56.670807
70.923354 56.670807
71.426315 56.670807
71.929278 57.409958
72.432242 57.656342
72.935214 57.656342
73.438183 57.656342
73.941159 58.888261
74.444083 58.888261
74.947043 58.888261
75.450001 59.873796
75.952965 59.873796
76.455929 59.873796
76.958882 59.873796
77.461842 59.873796
77.964797 60.120180
78.467762 61.844866
78.970725 60.612947
79.473697 61.844866
79.976650 61.844866
80.479605 61.844866
80.982564 61.844866
81.485521 61.844866
81.988482 62.830402
82.491441 61.844866
82.994404 62.830402
83.497364 62.830402
84.000328 62.830402
84.503284 63.323169
85.006255 63.569553
85.509210 63.323169
86.012170 63.569553
86.515129 63.569553
87.018091 63.569553
87.520952 63.569553
88.024012 63.569553
88.526971 63.569553
89.029932 63.569553
89.532904 65.294239
90.035848 65.294239
90.538807 65.540623
91.041768 65.540623
91.544731 65.540623
92.047695 65.540623
92.550656 66.772542
93.053619 66.772542
93.556577 67.265310
94.059541 66.772542
94.562501 66.772542
95.065459 67.265310
95.568423 67.511694
96.071379 67.511694
96.574334 67.511694
97.077291 67.511694
97.580252 67.511694
98.083216 68.004461
98.586172 68.004461
99.089135 68.497229
99.592125 68.004461
100.095040 68.004461
100.597995 69.729148
101.101982 69.729148
101.604938 69.729148
102.107899 69.729148
102.610856 69.729148
103.113815 69.729148
103.616774 70.714683
104.119738 70.714683
104.622700 70.714683
105.125659 70.714683
105.628625 71.207450
106.131581 71.207450
106.634550 71.453834
107.137506 71.453834
107.640467 71.453834
108.143428 71.453834
108.646382 71.453834
109.149341 71.453834
109.652291 71.453834
110.155268 71.453834
110.658231 71.946602
111.161185 71.946602
111.664164 72.439369
112.167111 72.439369
112.670073 72.439369
113.173031 72.439369
113.675990 72.439369
114.178949 73.424905
114.681930 73.424905
115.184882 73.424905
115.687843 73.424905
116.190790 73.424905
116.693749 73.424905
117.196703 74.656824
117.699673 74.656824
118.202630 74.656824
118.705587 74.656824
119.208556 75.642359
119.711506 75.642359
120.214477 75.642359
120.717439 75.642359
121.220396 75.642359
121.723359 75.642359
122.226318 75.642359
122.729280 75.642359
123.232238 75.642359
123.735200 75.642359
124.238161 75.888742
124.741121 75.642359
125.244081 76.381510
125.747042 77.613429
126.250002 76.381510
126.752963 77.613429
127.255924 77.613429
127.758884 77.613429
128.261844 77.613429
128.764804 77.613429
129.267765 77.613429
129.770734 77.613429
130.273686 78.598964
130.776640 78.598964
131.279604 78.598964
131.782562 78.598964
132.285523 78.598964
132.788487 78.598964
133.291445 78.598964
133.794402 79.091732
134.297365 78.598964
134.800325 79.338116
135.303282 79.338116
135.806254 79.338116
136.309210 79.338116
136.812171 79.338116
137.315134 79.338116
137.818098 79.338116
138.321047 79.338116
138.824008 79.338116
139.326966 80.323651
139.829929 79.830883
140.332902 80.323651
140.835853 80.323651
141.337811 80.323651
141.840773 81.062802
142.343739 80.323651
142.846693 81.062802
143.349657 81.062802
143.852609 81.309186
144.355573 81.309186
144.858534 81.309186
145.361491 81.309186
145.864452 81.309186
146.367414 81.309186
146.870371 81.309186
147.373331 81.309186
147.876290 81.309186
148.379259 82.541105
148.882213 82.541105
149.385178 83.033872
149.888140 83.033872
150.391101 83.280256
150.894056 83.280256
151.397026 83.280256
151.899982 83.280256
152.402942 83.280256
152.905903 83.280256
153.408864 83.280256
153.911820 83.280256
154.414780 83.280256
154.917740 83.280256
155.420700 83.773024
155.923658 83.773024
156.426618 83.773024
156.929593 85.497710
157.432547 85.497710
157.935503 85.497710
158.438465 84.265791
158.941424 85.497710
159.444386 85.497710
159.947349 85.497710
160.450318 85.497710
160.953275 85.497710
161.456228 85.497710
161.959185 85.497710
162.462147 85.497710
162.965112 85.497710
163.468070 86.483246
163.971031 86.483246
164.473992 86.483246
164.976951 86.483246
165.479911 86.483246
165.982871 86.483246
166.485858 87.468781
166.988793 86.483246
167.491743 86.483246
167.994723 87.468781
168.497676 87.468781
169.000617 87.468781
169.503595 87.468781
170.006555 87.468781
170.509517 87.468781
171.012476 87.468781
171.515427 87.468781
172.018396 87.468781
172.521363 87.468781
173.024318 87.468781
173.527272 87.468781
174.030230 87.468781
174.533198 87.468781
175.036153 87.715164
175.539113 87.468781
176.042070 87.468781
176.545031 87.715164
177.048002 88.207932
177.550956 88.207932
178.053911 88.207932
178.556883 88.207932
179.059893 88.207932
179.562805 88.207932
180.065758 88.947083
180.568717 89.193467
181.071684 89.193467
181.574640 89.193467
182.077599 89.193467
182.580557 89.193467
183.083515 89.193467
183.586474 89.193467
184.089436 89.193467
184.592402 89.193467
185.095368 89.193467
185.598320 89.193467
186.101285 89.193467
186.604243 90.425386
187.107209 90.425386
187.610166 89.193467
188.113124 90.425386
188.616083 90.425386
189.119041 90.918154
189.622003 90.425386
190.124963 91.410921
190.627933 91.410921
191.130886 91.410921
191.633847 91.410921
192.136808 91.410921
192.639765 91.410921
193.142724 91.410921
193.645691 91.410921
194.148646 91.410921
194.651610 91.410921
195.153572 91.410921
195.656528 91.657305
196.159491 91.657305
196.662451 92.150073
197.165411 91.410921
197.668369 91.410921
198.171327 91.657305
198.674287 91.657305
199.177251 91.657305
199.680212 92.150073
200.183172 93.381992
200.686131 93.381992
201.189097 93.381992
201.693051 93.381992
202.196012 93.381992
202.698977 93.381992
203.201931 93.381992
203.704907 93.381992
204.207854 93.381992
204.710816 93.381992
205.213776 93.381992
205.716755 93.381992
206.219708 93.381992
206.722667 93.381992
207.225616 93.381992
207.728578 95.353062
208.231539 95.353062
208.734503 95.353062
209.237460 95.353062
209.740421 95.353062
210.243381 95.353062
210.746340 95.353062
211.249303 95.353062
211.752270 95.353062
212.255220 95.353062
212.758180 95.353062
213.261144 95.353062
213.764101 95.353062
214.267064 95.353062
214.770026 95.353062
215.272985 95.353062
215.775945 95.353062
216.278905 95.353062
216.781866 95.353062
217.284826 95.353062
217.787794 95.353062
218.290744 95.353062
218.793709 95.353062
219.296665 95.353062
219.799626 95.353062
220.302588 95.353062
220.805551 95.353062
221.308508 96.092213
221.811471 95.599446
222.314427 96.092213
222.817389 95.599446
223.320346 96.092213
223.823317 96.092213
224.326271 96.092213
224.829237 96.092213
225.332199 96.092213
225.835157 96.092213
226.338111 96.092213
226.841077 96.092213
227.344032 97.077749
227.846990 97.077749
228.349951 97.077749
228.852917 97.077749
229.355870 97.077749
229.858835 97.077749
230.361798 97.077749
230.864759 97.077749
231.367719 97.077749
231.870678 97.077749
232.373639 97.077749
232.876599 97.077749
233.379560 97.077749
233.882517 97.077749
234.385478 97.077749
234.888438 98.309668
235.391397 97.077749
235.894361 98.309668
236.397320 98.309668
236.900280 98.309668
237.403245 98.309668
237.906205 98.802435
238.409164 98.802435
238.912136 98.802435
239.415085 98.802435
239.918042 98.802435
240.421006 98.802435
240.923962 99.048819
241.426922 99.048819
241.929889 99.048819
242.432846 99.048819
242.935810 99.048819
243.438772 99.048819
243.941726 99.048819
244.444688 99.541586
244.947650 99.541586
245.450608 99.048819
245.953570 99.048819
246.456528 99.048819
246.959492 99.048819
247.462446 99.048819
247.965413 99.048819
248.468367 99.048819
248.971330 99.048819
249.474289 99.541586
249.977289 99.541586
250.480207 101.266273
250.983173 99.541586
251.486128 99.541586
251.989094 99.541586
252.492053 99.541586
252.995013 101.266273
253.497971 101.266273
254.000936 101.266273
254.503898 101.266273
255.006855 101.266273
255.509817 101.266273
256.012776 101.266273
256.515733 101.266273
257.018700 101.266273
257.521661 101.266273
258.024613 101.266273
258.527578 101.266273
259.030540 101.266273
259.533496 101.266273
260.036461 101.266273
260.539426 101.266273
261.042387 101.266273
261.545340 101.266273
262.048300 102.251808
262.551262 102.251808
263.054228 102.251808
263.557188 102.251808
264.060144 102.251808
264.563104 102.251808
265.066071 102.251808
265.569028 102.744576
266.071987 102.251808
266.574943 102.744576
267.077901 102.251808
267.580861 102.251808
268.083833 102.251808
268.586787 102.744576
269.089750 102.251808
269.592707 102.744576
270.095666 102.251808
270.598627 102.744576
271.101592 102.744576
271.604548 102.990960
272.107512 102.990960
272.610471 102.990960
273.113427 102.990960
273.616390 102.990960
274.119347 102.990960
274.622318 102.990960
275.125289 102.990960
275.628238 102.990960
276.131199 102.990960
276.634159 102.990960
277.137120 102.990960
277.640077 102.990960
278.143036 102.990960
278.646005 102.990960
279.148961 102.990960
279.651914 103.483727
280.154873 103.483727
280.657837 103.976495
281.160799 103.483727
281.663758 103.483727
282.166720 103.483727
282.669677 103.976495
283.172634 103.976495
283.675596 103.976495
284.178560 103.483727
284.680947 103.483727
285.184483 102.990960
285.687446 102.990960
286.190398 103.976495
286.693358 103.976495
287.196321 103.976495
287.699279 103.976495
288.202239 104.715646
288.705200 104.962030
289.208164 104.962030
289.711123 104.962030
290.214071 104.962030
290.717051 104.962030
291.220000 104.962030
291.722973 104.962030
292.225932 104.962030
292.728894 104.962030
293.231849 104.962030
293.734804 104.962030
294.237772 104.962030
294.740727 104.962030
295.243686 104.962030
295.746647 104.962030
296.249617 104.962030
296.752571 104.962030
297.255529 104.962030
297.758488 104.962030
298.261448 104.962030
298.764405 104.962030
299.267370 104.962030
299.770331 104.962030
300.273290 104.962030
300.776252 104.962030
301.279209 106.193949
301.782182 104.962030
302.285140 106.193949
302.788092 106.193949
303.291052 106.193949
303.794010 106.193949
304.296972 106.193949
304.799933 106.193949
305.302896 107.179484
305.805855 107.179484
306.308813 107.179484
306.811776 107.179484
307.314736 106.193949
307.817690 107.179484
308.320656 107.179484
308.823617 107.179484
309.326575 107.179484
309.829534 107.179484
310.332500 107.179484
310.835459 107.179484
311.338421 107.179484
311.841381 107.179484
312.344341 107.179484
312.847301 107.179484
313.350259 107.179484
313.853221 107.179484
314.356184 107.179484
314.859142 107.179484
315.362103 107.918635
315.865064 107.179484
316.368022 107.179484
316.870983 107.179484
317.373948 107.425868
317.876914 107.425868
318.379860 107.179484
318.882820 107.179484
319.385784 107.425868
319.888744 109.150554
320.391707 109.150554
320.894703 107.918635
321.397625 109.150554
321.900590 109.150554
322.403549 107.918635
322.906505 109.150554
323.409471 107.918635
323.912428 107.918635
324.415388 109.150554
324.918349 107.918635
325.421309 107.425868
325.924268 109.150554
326.427233 109.150554
326.930192 109.150554
327.433155 109.150554
327.936109 109.150554
328.439074 109.150554
328.942031 109.150554
329.444997 109.150554
329.947955 109.150554
330.450916 109.150554
330.953870 109.150554
331.456830 109.150554
331.959795 109.150554
332.462757 109.150554
332.965713 109.150554
333.468679 109.150554
333.971633 109.150554
334.474600 109.150554
334.977558 109.150554
335.480515 109.150554
335.983476 109.150554
336.486438 109.150554
336.989396 110.136090
337.492362 110.136090
337.995318 110.136090
338.497281 110.136090
339.000240 110.136090
339.503197 110.136090
340.006160 110.136090
340.509124 111.121625
341.012077 110.136090
341.515040 111.121625
342.018005 111.121625
342.520962 110.136090
343.023922 111.121625
343.526886 111.121625
344.029841 111.121625
344.532803 111.121625
345.035762 111.121625
345.538721 111.121625
346.041688 111.121625
346.544647 111.121625
347.047602 111.121625
347.550563 111.121625
348.053527 111.121625
348.556483 111.121625
349.059444 111.121625
349.562411 111.121625
350.065372 111.121625
350.568331 111.121625
351.071289 111.121625
351.574245 111.121625
352.077210 111.121625
352.580179 111.121625
353.083136 111.121625
353.586091 111.121625
354.089050 111.121625
354.592010 111.368008
355.094982 111.121625
355.597935 111.368008
356.100908 111.121625
356.603853 111.368008
357.106813 111.121625
357.609777 111.121625
358.112734 111.121625
358.615699 111.121625
359.118654 111.121625
359.621615 111.121625
360.124578 111.121625
360.627542 111.121625
361.130497 111.121625
361.633460 111.368008
362.136420 111.368008
362.639385 111.368008
363.142339 111.121625
363.645300 111.368008
364.148259 111.368008
364.651228 111.368008
365.154200 111.860776
365.657146 111.860776
366.160107 111.860776
366.663075 111.860776
367.166029 111.860776
367.668988 111.860776
368.171944 111.860776
368.674905 111.860776
369.177863 111.860776
369.680821 111.860776
370.183789 111.860776
370.686747 111.860776
371.189710 111.860776
371.692667 111.860776
372.195632 111.860776
372.698587 112.846311
373.201556 111.860776
373.704509 112.846311
374.207476 112.846311
374.710436 112.846311
375.213399 112.846311
375.716357 112.846311
376.219297 112.846311
376.722278 112.846311
377.225229 112.846311
377.728179 112.846311
378.231156 112.846311
378.734126 112.846311
379.238086 112.846311
379.741039 114.078230
380.243992 114.570998
380.746955 114.078230
381.249920 114.078230
381.752886 112.846311
382.255839 114.078230
382.758797 114.078230
383.261747 112.846311
383.764724 112.846311
384.267674 112.846311
384.770634 114.078230
385.273594 112.846311
385.776567 114.078230
386.279522 114.078230
386.782491 114.078230
387.285447 112.846311
387.788401 114.078230
388.291356 114.078230
388.794325 114.078230
389.297300 114.078230
389.800249 114.078230
390.303259 114.570998
390.806174 114.078230
391.309120 114.570998
391.812114 114.570998
392.315040 114.570998
392.818001 114.570998
393.320973 114.570998
393.823944 114.078230
394.326892 114.078230
394.829831 114.570998
395.332811 114.570998
395.835766 114.570998
396.338728 114.817382
396.841688 114.817382
397.344647 114.570998
397.847614 114.570998
398.350571 114.570998
398.853526 114.078230
399.356518 114.570998
399.859451 114.817382
400.362409 114.570998
400.865372 114.817382
401.368326 114.570998
401.871288 114.817382
402.374248 114.817382
402.877207 114.817382
403.380166 114.570998
403.883130 114.570998
404.386090 114.570998
404.889058 114.817382
405.392018 114.817382
405.894974 114.817382
406.397931 114.817382
406.900905 114.817382
407.403853 114.817382
407.906813 114.817382
408.409774 114.817382
408.912734 114.817382
409.415694 114.817382
409.918656 114.817382
410.421617 114.817382
410.924575 114.817382
411.427536 114.817382
411.930502 114.817382
412.433457 114.817382
412.936420 114.817382
413.439379 114.817382
413.942338 115.310149
414.445303 114.817382
414.948261 114.817382
415.451221 114.817382
415.954184 114.817382
416.457144 114.817382
416.960102 114.817382
417.463063 114.817382
417.966028 114.817382
418.468987 114.817382
418.971940 114.817382
419.474910 114.817382
419.977865 114.817382
420.480826 114.817382
420.983783 114.817382
421.486741 114.817382
421.989711 115.310149
422.492667 114.817382
422.995626 115.310149
423.498583 115.310149
424.001544 115.802917
424.504509 117.034836
425.007471 117.034836
425.510432 117.034836
426.013396 117.034836
426.516349 117.034836
427.019309 117.034836
427.522269 117.034836
428.024944 117.034836
428.528192 117.034836
429.031149 117.034836
429.534110 117.034836
430.037073 117.034836
430.540032 117.034836
431.042996 117.034836
431.545953 117.034836
432.048921 117.034836
432.551874 117.034836
433.054830 117.034836
433.557803 117.034836
434.060759 117.034836
434.563723 117.034836
435.066676 117.034836
435.569635 117.034836
436.072608 117.034836
436.575960 117.034836
437.079527 117.034836
437.582529 117.034836
438.085446 117.034836
438.588400 117.034836
439.091356 118.020371
439.594318 117.034836
440.097287 117.034836
440.600244 118.020371
441.103203 118.020371
441.606161 118.020371
442.109125 118.020371
442.612083 118.020371
443.115044 118.020371
443.618002 118.020371
444.120963 118.020371
444.623924 117.034836
445.126888 118.020371
445.629847 118.020371
446.132808 118.020371
446.635766 118.020371
447.138722 118.020371
447.641685 117.034836
448.144644 118.020371
448.647605 118.020371
449.150569 118.020371
449.653537 118.020371
450.156488 118.020371
450.659446 118.020371
451.162404 118.020371
451.665365 118.020371
452.168332 118.020371
452.671287 119.005906
453.174245 119.005906
453.677207 118.020371
454.180166 118.020371
454.683128 119.005906
455.186133 119.005906
455.689050 118.020371
456.192011 118.020371
456.694974 119.005906
457.197938 119.005906
457.700906 119.005906
458.203856 118.020371
458.706809 118.020371
459.209770 118.020371
459.712729 118.020371
460.215703 119.005906
460.718754 119.005906
461.221620 119.005906
461.724578 119.005906
462.227537 119.005906
462.730497 119.005906
463.233456 119.005906
463.736412 119.005906
464.239383 119.005906
464.742339 119.005906
465.245299 119.005906
465.748265 119.005906
466.251221 119.005906
466.754181 119.005906
467.257144 119.005906
467.760101 119.005906
468.263060 119.005906
468.766021 119.005906
469.268983 119.005906
469.771943 119.005906
470.274906 119.005906
470.777866 119.005906
471.280822 119.005906
471.783783 119.005906
472.286744 119.005906
472.789706 119.005906
473.292668 119.005906
473.795625 119.005906
474.298582 119.005906
474.801540 119.005906
475.304516 119.005906
475.807474 119.005906
476.310429 119.005906
476.813392 119.005906
477.316344 119.005906
477.819311 119.005906
478.322264 119.005906
478.825227 119.005906
479.328189 119.005906
479.831149 119.005906
480.334109 119.005906
480.837069 119.005906
481.340027 119.005906
481.842990 119.005906
482.345956 119.005906
482.848917 119.005906
483.351868 119.005906
483.854828 119.005906
484.357790 119.005906
484.860751 119.252290
485.363714 119.252290
485.866673 119.005906
486.369633 119.252290
486.872591 119.005906
487.375565 119.005906
487.878529 119.005906
488.381486 119.252290
488.884429 119.252290
489.387404 119.745057
489.890363 119.252290
490.393326 119.745057
490.896284 119.745057
491.399247 119.745057
491.902213 119.745057
492.405168 119.745057
492.908128 119.252290
493.411088 119.745057
493.914063 119.745057
494.417008 119.252290
494.919963 119.745057
495.422923 119.745057
495.925891 119.745057
496.428858 119.745057
496.931809 119.745057
497.434767 119.745057
497.937732 119.745057
498.440693 119.745057
498.943653 119.745057
499.446607 119.745057
499.949568 120.484209
500.452524 119.745057
500.955501 119.745057
501.458451 119.745057
501.961408 120.484209
502.464368 120.484209
502.967331 119.745057
503.470285 119.745057
503.973247 120.730593
504.476205 120.484209
504.979166 120.730593
505.482129 120.730593
505.985090 120.484209
506.488049 120.730593
506.991006 120.730593
507.493966 120.730593
507.996932 120.730593
508.499891 120.484209
509.002849 119.745057
509.505810 120.730593
510.008769 120.484209
510.511731 120.730593
511.014690 120.730593
511.517653 120.730593
512.020615 120.730593
512.523572 120.730593
513.026531 120.730593
513.529492 120.730593
514.032451 120.730593
514.535415 120.730593
515.038374 120.730593
515.541333 120.730593
516.044299 120.730593
516.547262 120.730593
517.050222 120.730593
517.552964 120.730593
518.056142 120.730593
518.559104 120.730593
519.062262 120.730593
519.566031 119.745057
520.068986 120.484209
520.571948 120.730593
521.074911 120.730593
521.577862 120.730593
522.080823 120.730593
522.583781 120.730593
523.086741 120.730593
523.589705 120.730593
524.092661 120.730593
524.595624 120.730593
525.098586 120.730593
525.601543 120.730593
526.104503 120.730593
526.607468 120.730593
527.110428 120.730593
527.613389 120.730593
528.116345 120.730593
528.619305 120.730593
529.122264 120.730593
529.625228 120.730593
530.128186 121.962512
530.631154 120.730593
531.134111 120.730593
531.637348 120.730593
532.141034 120.730593
532.643995 120.730593
533.146952 120.730593
533.649920 120.730593
534.152887 120.730593
534.655844 120.730593
535.158792 120.730593
535.661768 120.730593
536.164715 120.730593
536.667674 120.730593
537.170631 120.730593
537.673596 120.730593
538.176552 121.962512
538.679516 121.962512
539.182473 121.962512
539.685437 121.962512
540.188401 121.962512
540.691355 121.962512
541.194314 121.962512
541.697278 121.962512
542.200240 121.962512
542.703196 121.962512
543.206155 121.962512
543.709118 121.962512
544.212091 121.962512
544.715045 121.962512
545.218008 121.962512
545.720962 121.962512
546.223922 121.962512
546.726884 121.962512
547.229841 121.962512
547.732803 121.962512
548.235760 121.962512
548.738734 122.455279
549.241685 122.948047
549.744644 121.962512
550.247671 121.962512
550.750578 121.962512
551.253534 121.962512
551.756493 122.455279
552.259453 122.455279
552.762413 122.948047
553.264947 122.948047
553.768333 122.948047
554.271296 122.455279
554.774256 122.948047
555.277217 122.948047
555.780178 122.948047
556.283138 122.948047
556.786098 122.948047
557.289060 122.948047
557.792023 122.948047
558.294980 122.948047
558.797945 122.948047
559.300911 122.948047
559.803859 122.948047
560.306825 122.948047
560.809784 122.948047
561.312742 122.948047
561.815706 121.962512
562.318663 121.962512
562.821624 121.962512
563.324583 121.962512
563.827543 122.455279
564.330508 121.962512
564.833469 121.962512
565.336424 121.962512
565.839384 121.962512
566.342345 122.948047
566.845307 122.948047
567.348266 122.948047
567.851226 122.948047
568.354187 122.948047
568.857149 122.948047
569.360108 122.948047
569.863068 122.948047
570.366030 122.948047
570.868989 122.948047
571.371949 122.948047
571.874911 122.948047
572.377874 122.948047
572.880830 122.948047
573.383795 122.948047
573.886751 122.455279
574.389717 122.948047
574.892709 122.948047
575.395632 122.948047
575.898592 122.948047
576.401554 122.948047
576.904513 122.948047
577.407473 122.948047
577.910439 122.948047
578.414396 122.948047
578.917355 122.948047
579.420316 122.948047
579.923275 122.948047
580.426240 122.948047
580.929196 122.948047
581.432155 122.948047
581.935116 122.948047
582.438077 122.948047
582.941023 122.948047
583.443999 122.948047
583.946958 122.948047
584.449920 122.948047
584.952896 122.948047
585.455840 122.948047
585.958800 122.948047
586.461760 122.948047
586.964719 122.948047
587.467680 122.948047
587.970641 122.948047
588.473603 122.948047
588.976561 122.948047
589.479522 122.455279
589.982483 122.455279
590.485444 122.948047
590.988403 122.948047
591.491363 122.948047
591.994324 122.948047
592.497284 122.948047
593.000245 122.948047
593.503206 122.948047
594.006165 122.948047
594.509127 122.948047
595.012087 122.948047
595.515048 122.948047
596.018008 122.948047
596.520969 122.948047
597.023927 122.948047
597.526889 123.194430
598.029853 122.948047
598.532813 122.948047
599.035769 123.194430
599.538730 122.948047
600.043676 123.194430
600.548637 123.194430
601.053598 123.194430
601.558559 123.194430
602.063517 123.194430
602.568477 122.948047
603.073439 122.948047
603.578399 122.948047
604.083508 122.948047
604.589321 122.948047
605.094277 122.948047
605.599222 122.948047
606.104202 123.194430
606.609161 123.194430
607.114125 122.948047
607.619080 122.948047
608.124040 123.194430
608.629001 123.194430
609.133965 123.194430
609.638920 123.194430
610.143880 122.948047
610.648840 122.948047
611.153804 122.948047
611.658762 122.948047
612.163722 122.948047
612.668687 122.948047
613.173643 123.194430
613.678602 122.948047
614.183563 123.194430
614.688528 122.948047
615.193484 122.948047
615.698444 122.948047
616.203404 122.948047
616.708370 122.948047
617.213325 122.948047
617.718284 122.948047
618.223244 122.948047
618.728205 122.948047
619.232937 122.948047
619.738125 122.948047
620.243088 122.948047
620.748046 122.455279
621.253007 122.455279
621.757967 121.962512
622.262926 120.730593
622.767887 120.730593
623.272847 120.730593
623.777808 120.730593
624.282773 120.730593
624.787729 120.730593
625.292688 120.484209
625.797649 119.745057
626.302610 119.252290
626.807569 119.252290
627.312528 119.005906
627.817495 119.005906
628.322449 119.005906
628.827409 119.005906
629.332370 119.005906
629.837334 119.005906
630.342291 119.005906
630.847250 118.020371
631.352210 119.005906
631.857173 118.020371
632.362132 118.020371
632.867092 117.034836
633.372051 117.034836
633.877013 117.034836
634.381977 117.034836
634.886932 117.034836
635.391893 117.034836
635.896853 115.310149
636.401814 115.310149
636.906774 114.817382
637.411733 114.817382
637.916693 114.817382
638.421655 114.570998
638.926614 114.570998
639.431574 114.570998
639.936534 114.570998
640.441495 112.846311
640.946455 112.846311
641.451415 112.846311
641.956375 112.846311
642.461337 112.846311
642.966295 112.846311
643.471256 112.846311
643.976216 111.860776
644.481178 111.860776
644.986138 111.860776
645.491097 111.860776
645.996057 111.121625
646.501018 111.121625
647.005977 111.121625
647.510938 111.121625
648.015899 111.121625
648.520859 111.121625
649.025819 111.121625
649.530779 110.136090
650.035741 110.136090
650.540700 109.150554
651.045660 109.150554
651.550620 109.150554
652.055580 109.150554
652.560541 109.150554
653.065503 109.150554
653.570461 107.425868
654.075421 107.425868
654.580381 107.179484
655.085342 107.179484
655.590301 107.179484
656.095263 107.179484
656.600223 107.179484
657.105183 106.193949
657.610143 106.193949
658.115103 104.962030
658.620064 104.962030
659.125025 104.962030
659.629984 104.962030
660.134945 104.962030
660.639904 103.976495
661.144863 103.976495
661.649824 103.976495
662.154787 103.976495
662.659745 103.483727
663.164705 102.990960
663.669666 102.990960
664.174626 102.990960
664.679586 102.990960
665.184547 102.744576
665.689509 102.251808
666.194466 102.251808
666.699427 102.251808
667.204387 102.251808
667.709348 102.251808
668.214308 101.266273
668.719267 101.266273
669.224228 101.266273
669.729189 101.266273
670.234148 101.266273
670.739109 101.266273
671.244068 101.266273
671.749030 100.034354
672.253989 99.541586
672.758949 99.048819
673.263909 99.541586
673.768887 99.048819
674.273836 99.048819
674.778791 99.048819
675.282751 99.048819
675.787709 99.048819
676.292673 99.048819
676.797617 98.802435
677.302576 98.802435
677.807555 98.802435
678.312513 98.309668
678.817472 98.309668
679.322433 97.077749
679.827394 97.077749
680.332354 97.077749
680.837315 97.077749
681.342274 96.092213
681.847235 96.092213
682.352195 95.599446
682.857157 95.599446
683.362115 95.353062
683.867075 95.353062
684.372035 95.353062
684.876997 95.353062
685.381955 95.353062
685.886917 95.353062
686.391877 95.353062
686.896836 95.353062
687.401798 95.353062
687.906757 95.353062
688.411717 95.353062
688.916677 95.353062
689.421639 95.353062
689.926598 93.381992
690.431558 95.353062
690.936518 93.381992
691.441480 93.381992
691.946440 93.381992
692.451399 93.381992
692.956359 93.381992
693.461321 93.381992
693.966280 93.381992
694.471240 93.381992
694.976200 93.381992
695.481161 93.381992
695.986120 93.381992
696.491082 93.381992
696.996041 91.657305
697.501001 91.657305
698.005963 91.410921
698.510928 91.657305
699.015882 91.410921
699.520842 91.410921
700.025803 91.410921
700.530764 91.410921
701.035722 91.410921
701.540683 90.425386
702.045645 90.425386
702.550603 89.193467
703.055563 89.193467
703.560524 89.193467
704.065486 89.193467
704.570445 89.193467
705.075405 89.193467
705.580365 89.193467
706.085326 89.193467
706.590286 88.947083
707.095247 89.193467
707.600207 89.193467
708.105166 89.193467
708.610127 88.207932
709.115087 88.207932
709.620048 88.207932
710.125008 87.715164
710.629968 88.207932
711.134928 87.468781
711.639888 87.468781
712.144847 87.468781
712.649810 87.468781
713.154773 87.468781
713.659728 87.468781
714.164689 87.468781
714.669650 87.468781
715.180076 87.468781
715.685575 87.468781
716.190530 87.468781
716.695491 86.483246
717.200451 87.468781
717.705411 86.483246
718.210369 86.483246
718.715332 86.483246
719.220290 86.483246
719.725252 85.497710
720.230212 85.497710
720.735174 85.497710
721.240132 85.497710
721.745094 85.497710
722.250053 85.497710
722.755014 85.497710
723.259974 85.497710
723.764936 85.497710
724.269895 85.497710
724.774854 85.497710
725.279815 85.497710
725.784790 83.773024
726.289747 83.773024
726.794696 83.773024
727.299655 83.280256
727.804614 83.280256
728.309576 83.280256
728.814536 83.280256
729.319495 83.280256
729.824456 83.280256
730.329417 83.280256
730.833380 83.033872
731.338336 83.033872
731.843298 83.033872
732.348262 83.033872
732.853219 82.541105
733.358178 82.541105
733.863138 82.541105
734.368098 82.541105
734.873060 81.309186
735.378018 81.309186
735.882979 81.309186
736.387939 81.309186
736.892910 81.309186
737.397860 81.309186
737.902820 81.062802
738.407780 81.309186
738.912740 81.062802
739.417702 81.309186
739.922661 81.309186
740.427621 81.309186
740.932581 80.323651
741.437542 80.323651
741.942502 80.323651
742.447462 80.323651
742.952428 80.323651
743.457383 79.338116
743.962343 80.323651
744.467303 80.323651
744.971264 79.830883
745.476224 79.338116
745.981186 79.338116
746.486144 79.338116
746.991104 79.338116
747.496064 79.338116
748.001025 79.338116
748.505985 79.091732
749.010946 79.091732
749.515906 79.091732
750.020865 79.338116
750.525827 78.598964
751.030786 78.598964
751.535746 78.598964
752.040706 78.598964
752.545669 78.598964
753.050627 78.598964
753.555588 78.598964
754.060585 78.598964
754.565510 78.598964
755.070468 78.598964
755.575441 78.598964
756.080388 78.598964
756.585347 77.613429
757.090308 77.613429
757.595267 77.613429
758.100228 77.613429
758.605189 77.613429
759.110148 77.613429
759.615109 77.613429
760.120069 77.613429
760.625030 77.613429
761.132728 77.613429
761.637953 77.613429
762.142913 77.613429
762.647876 77.613429
763.152833 77.613429
763.657794 77.613429
764.162754 77.613429
764.667714 77.613429
765.172674 77.613429
765.677635 77.613429
766.182595 75.888742
766.687555 75.888742
767.192515 76.381510
767.697476 75.888742
768.202436 75.888742
768.707395 75.642359
769.212355 75.642359
769.717318 75.642359
770.222277 75.642359
770.727237 75.642359
771.233198 75.642359
771.738166 75.642359
772.243117 75.642359
772.747077 75.642359
773.252038 75.642359
773.756997 75.642359
774.261944 75.149591
774.766901 75.642359
775.271878 75.642359
775.776835 75.642359
776.281797 74.656824
776.786757 74.656824
777.291716 73.424905
777.796677 73.424905
778.301638 73.424905
778.806598 73.424905
779.311556 73.424905
779.816517 73.424905
780.321480 73.424905
780.826438 73.424905
781.331398 73.424905
781.836359 73.178521
782.341321 73.424905
782.846280 73.178521
783.351239 73.424905
783.856199 73.178521
784.361164 73.424905
784.866120 73.178521
785.371082 73.178521
785.876042 72.439369
786.381004 72.439369
786.885962 71.946602
787.390923 72.439369
787.895882 72.439369
788.400844 71.946602
788.905809 71.453834
789.410764 71.453834
789.915724 71.453834
790.420684 71.453834
790.925646 71.946602
791.430604 71.453834
791.935564 71.453834
792.440526 71.453834
792.945486 71.453834
793.450445 71.453834
793.955405 71.453834
794.460367 71.453834
794.965326 71.453834
795.470286 71.453834
795.975246 71.453834
796.480207 71.453834
796.985168 71.207450
797.490128 71.453834
797.995087 71.207450
798.500048 71.207450
799.005009 71.453834
799.509968 71.207450
800.014929 71.207450
800.519888 70.714683
801.024849 71.207450
801.529811 70.714683
802.034769 70.714683
802.539730 70.714683
803.044691 70.714683
803.549656 70.714683
804.054610 70.714683
804.559571 69.729148
805.064531 69.729148
805.569492 69.729148
806.074451 69.729148
806.579412 69.729148
807.084371 69.729148
807.589332 69.729148
808.094292 69.729148
808.599252 70.714683
809.104213 69.729148
809.609175 69.729148
810.114133 69.729148
810.619093 69.729148
811.124054 69.729148
811.629015 69.729148
812.133975 69.729148
812.638934 69.729148
813.143895 69.729148
813.648854 68.497229
814.153815 68.497229
814.658776 68.497229
815.163735 69.729148
815.668696 68.004461
816.173657 68.004461
816.678616 68.004461
817.183576 67.511694
817.688536 67.511694
818.193498 67.511694
818.698457 67.511694
819.203420 67.511694
819.708379 67.511694
820.213345 67.511694
820.718299 67.511694
821.223259 67.511694
821.728212 67.511694
822.233181 67.511694
822.738139 67.511694
823.243098 67.511694
823.748058 67.511694
824.253026 67.265310
824.757979 67.265310
825.262939 67.265310
825.767900 67.265310
826.272859 66.772542
826.777821 67.265310
827.282781 66.772542
827.787741 65.540623
828.292700 66.772542
828.797662 65.540623
829.302620 65.540623
829.807581 65.540623
830.312542 66.772542
830.817501 65.540623
831.322462 65.540623
831.827422 65.540623
832.332382 65.540623
832.837344 65.540623
833.342303 65.540623
833.847263 65.540623
834.352226 65.540623
834.857184 65.540623
835.362146 65.540623
835.867106 65.540623
836.372066 65.540623
836.877025 65.540623
837.381987 65.540623
837.886946 65.540623
838.391907 65.540623
838.896881 65.540623
839.401828 65.540623
839.906787 65.540623
840.411748 65.540623
840.916707 65.540623
841.421668 65.540623
841.926629 65.540623
842.431594 63.569553
842.936548 63.569553
843.441509 63.569553
843.946469 63.569553
844.451429 63.569553
844.956389 63.569553
845.461350 63.569553
845.966310 63.569553
846.471270 63.569553
846.976231 63.569553
847.481192 63.569553
847.986151 63.569553
848.491111 63.569553
848.996072 63.569553
849.501032 63.569553
850.005991 63.569553
850.510952 63.569553
851.015912 63.569553
851.520883 63.569553
852.025834 63.569553
852.530793 63.569553
853.035753 63.569553
853.540714 63.569553
854.045675 63.569553
854.550634 63.323169
855.055594 63.323169
855.560554 63.569553
856.065516 63.323169
856.569479 63.323169
857.074435 63.323169
857.579395 62.830402
858.084356 62.830402
858.589317 63.323169
859.094276 63.323169
859.599276 62.830402
860.104197 62.830402
860.609158 62.830402
861.114117 62.830402
861.619077 62.830402
862.124037 62.830402
862.629000 62.830402
863.133958 62.830402
863.638930 62.830402
864.143890 62.830402
864.648847 62.830402
865.153802 61.844866
865.658761 62.830402
866.163720 62.830402
866.668665 62.830402
867.174642 62.830402
867.679600 61.844866
868.184561 62.830402
868.689522 61.844866
869.194482 61.844866
869.699489 61.844866
870.204403 61.844866
870.709398 61.844866
871.214324 61.844866
871.719283 61.844866
872.224244 61.844866
872.729205 61.844866
873.234165 61.844866
873.739130 61.844866
874.244085 61.844866
874.749047 61.844866
875.254006 61.844866
875.758966 61.844866
876.263926 61.844866
876.768897 60.612947
877.273847 60.612947
877.778807 61.844866
878.283768 61.844866
878.788789 60.612947
879.293688 60.120180
879.798648 60.612947
880.303608 60.120180
880.808569 60.120180
881.313530 60.120180
881.818488 60.120180
882.323448 59.873796
882.828409 60.120180
883.333370 59.873796
883.838330 59.873796
884.343289 59.873796
884.848250 59.873796
885.353211 59.873796
885.858172 59.873796
886.363131 59.873796
886.868092 59.873796
887.373053 59.873796
887.878011 59.873796
888.382972 59.873796
888.887932 59.873796
889.392904 59.873796
889.897854 59.873796
890.402817 59.873796
890.907773 59.873796
891.412733 59.873796
891.917694 59.873796
892.422653 59.873796
892.927614 59.873796
893.432574 59.873796
893.937535 59.873796
894.442494 59.873796
894.947454 59.873796
895.452415 59.873796
895.957376 59.873796
896.462335 59.873796
896.967296 58.888261
897.472256 57.656342
897.977217 58.888261
898.481178 58.888261
898.986137 58.888261
899.491097 57.656342
899.996057 57.656342
900.501018 58.888261
901.005984 58.888261
901.510938 57.656342
902.015930 57.656342
902.520859 57.656342
903.025820 57.656342
903.530780 57.656342
904.035739 57.656342
904.540699 57.656342
905.045661 57.656342
905.550620 57.656342
906.055579 57.656342
906.560540 57.656342
907.065501 57.656342
907.570461 57.656342
908.075421 57.656342
908.580381 57.656342
909.085342 57.656342
909.590301 57.656342
910.095262 57.656342
910.600222 57.656342
911.105183 57.656342
911.610143 57.656342
912.115103 57.409958
912.619063 57.656342
913.124023 57.656342
913.628985 56.670807
914.133944 56.670807
914.638905 56.670807
915.143865 56.670807
915.648825 56.670807
916.153786 56.670807
916.658746 56.670807
917.163705 56.178039
917.668666 56.670807
918.173626 56.670807
918.678586 56.670807
919.183546 56.670807
919.688506 56.670807
920.193467 56.670807
920.698427 56.178039
921.203387 56.178039
921.708348 56.178039
922.213308 56.178039
922.718268 56.178039
923.223228 56.178039
923.728188 55.931655
924.233149 56.178039
924.738109 56.178039
925.243069 55.931655
925.748030 56.178039
926.252991 55.931655
926.757950 55.931655
927.262910 55.931655
927.767870 55.931655
928.272831 55.931655
928.777791 55.931655
929.282752 55.931655
929.787712 55.931655
930.292671 55.931655
930.797633 55.931655
931.302592 55.931655
931.807553 55.931655
932.312513 55.931655
932.817473 55.931655
933.322426 55.931655
933.827391 55.931655
934.332353 55.931655
934.837313 55.931655
935.342270 55.931655
935.847230 55.931655
936.352191 55.931655
936.857152 55.931655
937.362110 54.946120
937.867071 55.931655
938.372032 54.946120
938.876992 55.931655
939.381952 55.931655
939.886912 55.931655
940.391871 54.946120
940.896833 54.946120
941.401793 54.946120
941.906753 54.946120
942.411713 54.946120
942.916673 54.946120
943.421633 54.946120
943.926601 54.946120
944.431554 54.946120
944.936514 53.960585
945.441475 53.960585
945.946433 54.946120
946.451395 53.960585
946.956355 53.960585
947.461316 54.946120
947.966275 53.960585
948.471236 53.960585
948.976196 53.960585
949.481157 53.960585
949.986117 53.960585
950.491077 53.960585
950.996036 53.960585
951.500998 53.960585
952.005957 53.960585
952.510918 53.960585
953.015878 53.960585
953.520838 53.960585
954.025799 53.960585
954.530759 53.960585
955.035718 53.960585
955.540679 53.960585
956.045641 53.960585
956.550600 53.960585
957.055566 53.960585
957.560522 53.960585
958.065482 53.960585
958.570441 53.960585
959.075403 53.960585
959.580361 53.960585
960.085322 53.960585
960.590282 53.960585
961.095241 52.235898
961.600201 53.960585
962.105164 53.960585
962.610123 52.728666
963.115083 53.960585
963.620042 52.728666
964.125003 52.728666
964.629964 52.235898
965.134924 52.235898
965.639883 52.235898
966.144844 52.235898
966.649805 52.235898
967.154764 51.743131
967.659724 52.235898
968.164685 51.743131
968.669647 51.743131
969.174605 51.743131
969.679565 51.743131
970.184525 51.743131
970.689487 51.743131
971.194448 51.743131
971.699550 51.743131
972.205370 51.743131
972.710328 51.743131
973.215288 51.743131
973.720247 51.743131
974.225210 51.743131
974.730169 51.743131
975.235128 51.743131
975.740088 51.743131
976.245049 51.743131
976.750010 51.743131
977.254971 51.743131
977.759932 51.743131
978.264900 51.743131
978.769851 51.743131
979.274812 51.743131
979.779770 51.743131
980.284730 51.743131
980.789692 51.743131
981.294650 51.743131
981.799612 51.743131
982.304569 51.496747
982.809532 51.496747
983.314492 51.496747
983.819458 51.496747
984.324412 51.496747
984.829374 51.496747
985.334333 51.496747
985.839293 51.496747
986.344257 51.496747
986.849215 51.496747
987.354173 51.003980
987.859134 51.003980
988.364094 51.003980
988.869055 51.003980
989.374016 51.003980
989.878974 51.003980
990.383935 51.003980
990.888907 49.772061
991.393856 51.003980
991.898816 51.003980
992.403777 51.003980
992.908736 49.772061
993.413697 49.772061
993.918657 51.003980
994.423617 51.003980
994.928577 49.772061
995.433539 49.772061
995.938498 49.772061
996.442458 49.772061
996.947418 49.772061
997.452377 49.772061
997.957340 49.772061
998.462299 51.003980
998.967258 49.772061
999.472219 49.772061
999.977180 49.772061
1000.482141 49.772061
1000.987100 49.772061
1001.492060 49.772061
1001.997022 49.772061
1002.501981 49.772061
1003.006949 49.772061
1003.511903 49.772061
1004.016880 49.772061
1004.521827 49.772061
1005.026791 49.772061
1005.531746 49.772061
1006.036706 49.772061
1006.541667 49.772061
1007.046626 49.772061
1007.551571 49.772061
1008.057546 49.772061
1008.562505 48.786525
1009.067464 49.525677
1009.572425 49.772061
1010.077386 49.772061
1010.582345 49.772061
1011.087305 49.772061
1011.592265 49.525677
1012.097227 49.525677
1012.602187 48.786525
1013.107146 48.786525
1013.612107 48.786525
1014.117068 49.772061
1014.622026 49.525677
1015.126987 48.786525
1015.631948 48.786525
1016.136918 48.786525
1016.641870 48.786525
1017.146828 48.786525
1017.651788 48.786525
1018.156748 48.786525
1018.661710 48.786525
1019.168480 48.786525
1019.674087 48.786525
1020.179591 48.786525
1020.684549 48.786525
1021.189510 48.293758
1021.694470 48.786525
1022.199430 48.293758
1022.704390 48.786525
1023.209351 48.293758
1023.714311 48.786525
1024.218270 48.293758
1024.723232 48.293758
1025.228192 48.293758
1025.733153 48.293758
1026.238111 48.293758
1026.743072 48.293758
1027.248032 48.293758
1027.752994 48.047374
1028.257955 48.293758
1028.762913 48.293758
1029.267873 48.047374
1029.772835 48.047374
1030.277794 48.047374
1030.782754 48.047374
1031.287714 48.047374
1031.792674 48.047374
1032.297635 48.047374
1032.802595 48.047374
1033.307554 48.047374
1033.812515 48.047374
1034.317476 48.047374
1034.822436 48.047374
1035.327395 48.047374
1035.832357 48.047374
1036.337317 48.047374
1036.842278 48.047374
1037.347238 48.047374
1037.852197 48.047374
1038.357161 48.047374
1038.862118 48.047374
1039.367077 48.047374
1039.872041 48.047374
1040.376999 48.047374
1040.881958 48.047374
1041.386918 48.047374
1041.891879 48.047374
1042.396840 48.047374
1042.901801 48.047374
1043.406760 48.047374
1043.911719 48.047374
1044.416680 48.047374
1044.921642 48.047374
1045.426600 48.047374
1045.931561 48.047374
1046.436521 48.047374
1046.941482 48.047374
1047.446441 48.047374
1047.951401 48.047374
1048.456362 48.047374
1048.961323 48.047374
1049.466282 48.047374
1049.971242 48.047374
1050.476204 47.061839
1050.981165 47.061839
1051.486125 48.047374
1051.991138 48.047374
1052.496048 48.047374
1053.001015 48.047374
1053.505969 48.047374
1054.010929 48.047374
1054.515889 47.061839
1055.020859 48.047374
1055.525810 47.061839
1056.030770 47.061839
1056.535729 47.061839
1057.040689 47.061839
1057.545637 47.061839
1058.050609 47.061839
1058.555569 47.061839
1059.060528 47.061839
1059.565491 47.061839
1060.070448 47.061839
1060.575408 47.061839
1061.080369 47.061839
1061.585329 47.061839
1062.090289 47.061839
1062.595249 46.076304
1063.100209 47.061839
1063.605171 46.076304
1064.110131 46.076304
1064.615090 47.061839
1065.120051 46.076304
1065.625012 46.076304
1066.129972 46.076304
1066.634931 46.076304
1067.139892 46.076304
1067.644862 46.076304
1068.149815 46.076304
1068.654774 46.076304
1069.159732 46.076304
1069.664692 46.076304
1070.169653 46.076304
1070.674613 46.076304
1071.179573 46.076304
1071.684532 46.076304
1072.189494 46.076304
1072.694455 46.076304
1073.199415 46.076304
1073.704374 46.076304
1074.209336 46.076304
1074.714297 46.076304
1075.219254 46.076304
1075.724214 46.076304
1076.229174 46.076304
1076.734137 46.076304
1077.239096 46.076304
1077.744057 46.076304
1078.249017 46.076304
1078.753977 46.076304
1079.258937 46.076304
1079.763898 46.076304
1080.267858 46.076304
1080.772817 46.076304
1081.277778 46.076304
1081.782739 46.076304
1082.287699 46.076304
1082.792658 46.076304
1083.297619 46.076304
1083.802578 46.076304
1084.307539 46.076304
1084.812500 46.076304
1085.317461 44.844385
1085.822420 46.076304
1086.327379 44.844385
1086.832340 46.076304
1087.337302 44.844385
1087.842261 46.076304
1088.347226 46.076304
1088.852181 46.076304
1089.357142 44.351617
1089.862102 44.351617
1090.367062 44.844385
1090.872022 44.844385
1091.376983 44.351617
1091.881943 44.351617
1092.386903 44.351617
1092.891864 44.351617
1093.396823 44.351617
1093.901785 44.351617
1094.406744 44.351617
1094.911704 44.351617
1095.416664 44.351617
1095.921626 44.351617
1096.426584 44.351617
1096.931545 44.351617
1097.436505 44.351617
1097.941466 44.351617
1098.446426 44.351617
1098.951385 44.105233
1099.456346 44.105233
1099.961308 44.105233
1100.466267 44.351617
1100.971227 44.351617
1101.476187 44.105233
1101.981148 44.105233
1102.486108 44.105233
1102.991068 44.105233
1103.496028 44.105233
1104.000989 44.105233
1104.505951 44.105233
1105.010910 44.105233
1105.515873 44.105233
1106.020832 44.105233
1106.525794 44.105233
1107.030754 44.105233
1107.535714 44.105233
1108.040673 44.105233
1108.545636 44.105233
1109.050595 44.105233
1109.555555 44.105233
1110.060514 44.105233
1110.565475 44.105233
1111.070422 44.105233
1111.575394 44.105233
1112.080354 44.105233
1112.585317 44.105233
1113.090273 44.105233
1113.595233 44.105233
1114.100195 44.105233
1114.605155 44.105233
1115.110114 44.105233
1115.615074 44.105233
1116.120034 44.105233
1116.624996 44.105233
1117.129955 44.105233
1117.634914 44.105233
1118.139874 44.105233
1118.644835 44.105233
1119.149796 44.105233
1119.654755 44.105233
1120.159715 44.105233
1120.664676 43.612466
1121.169636 44.105233
1121.674596 44.105233
1122.178558 44.105233
1122.683516 44.105233
1123.188476 44.105233
1123.693438 44.105233
1124.198398 44.105233
1124.703358 43.612466
1125.208318 44.105233
1125.713279 43.119698
1126.218237 43.612466
1126.723199 44.105233
1127.228159 43.119698
1127.733121 43.119698
1128.238080 43.119698
1128.743040 43.119698
1129.247999 43.119698
1129.752962 43.119698
1130.257922 43.119698
1130.762881 43.119698
1131.267840 43.119698
1131.772801 43.119698
1132.277762 43.119698
1132.782722 41.887779
1133.287682 43.119698
1133.792641 41.887779
1134.297603 41.887779
1134.802563 43.119698
1135.307523 43.119698
1135.812483 41.887779
1136.317451 41.887779
1136.822404 41.887779
1137.327363 41.887779
1137.832325 41.887779
1138.337286 41.887779
1138.842245 41.887779
1139.347205 41.887779
1139.852165 41.887779
1140.357127 41.887779
1140.862086 41.887779
1141.367045 41.887779
1141.872006 41.887779
1142.376968 41.887779
1142.881926 41.887779
1143.386887 41.887779
1143.891846 41.887779
1144.396807 41.887779
1144.901768 41.887779
1145.406729 41.887779
1145.911688 41.887779
1146.416648 41.887779
1146.921609 41.887779
1147.426568 41.887779
1147.931528 41.887779
1148.436489 41.887779
1148.941450 41.887779
1149.446408 41.887779
1149.951368 41.887779
1150.456330 41.887779
1150.961291 41.887779
1151.466251 41.887779
1151.971211 41.887779
1152.476170 41.887779
1152.981132 41.887779
1153.486091 41.887779
1153.991053 41.887779
1154.496012 41.887779
1155.000973 41.887779
1155.505932 41.887779
1156.010893 41.887779
1156.515852 41.887779
1157.020812 41.887779
1157.525776 41.887779
1158.030733 41.887779
1158.535694 40.902244
1159.040653 41.887779
1159.545615 41.887779
1160.050574 41.887779
1160.555535 41.887779
1161.060497 41.641395
1161.565457 41.887779
1162.070420 41.887779
1162.576379 41.887779
1163.081341 41.641395
1163.586299 41.641395
1164.090260 41.641395
1164.595221 40.902244
1165.100180 40.902244
1165.605141 40.902244
1166.110102 41.641395
1166.615061 40.902244
1167.120021 41.641395
1167.624982 41.641395
1168.129942 40.902244
1168.634902 40.902244
1169.139862 40.902244
1169.644823 40.902244
1170.149785 40.902244
1170.654743 40.902244
1171.159703 40.902244
1171.664664 40.902244
1172.169624 41.641395
1172.674585 40.902244
1173.179545 40.902244
1173.684505 40.902244
1174.189466 40.409476
1174.694425 40.409476
1175.199386 40.409476
1175.704345 40.409476
1176.209306 40.902244
1176.714265 40.902244
1177.219225 40.902244
1177.724186 41.641395
1178.229148 40.902244
1178.734107 40.902244
1179.239067 40.902244
1179.744027 40.902244
1180.248989 40.902244
1180.753947 40.902244
1181.258908 40.902244
1181.763868 40.902244
1182.268829 40.902244
1182.773789 39.916709
1183.278750 40.409476
1183.783710 40.902244
1184.288669 40.902244
1184.793631 40.409476
1185.298590 40.409476
1185.803551 40.902244
1186.308510 39.916709
1186.813472 40.409476
1187.318431 40.409476
1187.823391 40.409476
1188.328351 40.409476
1188.833313 40.409476
1189.338271 40.409476
1189.843232 39.916709
1190.348198 39.916709
1190.853154 39.916709
1191.358112 40.409476
1191.863072 40.409476
1192.368033 39.916709
1192.872994 39.916709
1193.377954 39.916709
1193.882914 39.916709
1194.387874 39.916709
1194.892834 39.916709
1195.397796 39.916709
1195.902755 39.916709
1196.407716 39.916709
1196.912675 39.916709
1197.417637 39.916709
1197.922596 39.916709
1198.427556 39.916709
1198.932516 39.916709
1199.437478 39.916709
1199.942437 39.916709
