0.004956 24.394530
0.508755 24.640914
1.011713 24.640914
1.514675 24.640914
2.017635 24.640914
2.520596 24.640914
3.023557 24.640914
3.526517 24.394530
4.029478 24.640914
4.532437 24.640914
5.035398 24.640914
5.538358 24.640914
6.041320 24.640914
6.544279 24.640914
7.047239 24.640914
7.550200 24.640914
8.053160 24.640914
8.556121 24.640914
9.059080 24.640914
9.562041 24.640914
10.065003 24.640914
10.567962 24.640914
11.070922 24.640914
11.573882 24.640914
12.076844 24.640914
12.579803 24.640914
13.082765 25.133681
13.585724 25.133681
14.088686 24.640914
14.591660 24.640914
15.094606 25.133681
15.597565 24.640914
16.100528 24.640914
16.603487 24.640914
17.106447 25.133681
17.609407 24.640914
18.112369 25.133681
18.615328 25.133681
19.118289 25.133681
19.621250 25.133681
20.124209 25.133681
20.627170 25.133681
21.130131 25.133681
21.633091 25.133681
22.136089 25.133681
22.639012 25.133681
23.141972 25.133681
23.644933 25.872833
24.147893 25.133681
24.650853 26.119217
25.153813 26.119217
25.656775 26.119217
26.159734 26.119217
26.662696 26.119217
27.165655 25.872833
27.668616 26.119217
28.171577 26.119217
28.674536 26.119217
29.177496 26.119217
29.680458 26.119217
30.183418 26.119217
30.686378 26.119217
31.189340 26.119217
31.692310 26.119217
32.195259 26.119217
32.698220 26.119217
33.201180 26.119217
33.704139 26.119217
34.207101 26.119217
34.710060 27.351136
35.213022 27.351136
35.715982 27.351136
36.218942 27.351136
36.721903 27.351136
37.224864 27.351136
37.727823 27.351136
38.230784 27.843903
38.733744 28.336671
39.236706 28.336671
39.739665 28.336671
40.242625 28.336671
40.745586 28.336671
41.248547 28.336671
41.751507 28.336671
42.254468 28.336671
42.757428 28.336671
43.260389 28.336671
43.763347 28.336671
44.266309 28.336671
44.769270 28.336671
45.272229 28.336671
45.775191 28.336671
46.278151 28.336671
46.781111 28.336671
47.284070 28.583054
47.787030 28.583054
48.289992 28.583054
48.792954 28.583054
49.295913 29.075822
49.798873 29.075822
50.301834 29.075822
50.804794 29.075822
51.307753 30.307741
51.810715 30.307741
52.313675 30.307741
52.816637 30.307741
53.319595 30.307741
53.822556 30.307741
54.325517 30.307741
54.828478 30.307741
55.331438 30.307741
55.834397 30.307741
56.337358 30.307741
56.840329 30.307741
57.343279 30.307741
57.846238 30.307741
58.349201 30.307741
58.852160 30.307741
59.355120 30.307741
59.858080 30.307741
60.361042 30.307741
60.864002 30.307741
61.366962 30.307741
61.869922 31.293276
62.372884 31.293276
62.875843 31.293276
63.378803 31.293276
63.881763 31.293276
64.384726 31.293276
64.887684 31.293276
65.390646 31.786044
65.893605 31.786044
66.396567 31.786044
66.899526 31.786044
67.402488 31.786044
67.905448 31.786044
68.408408 32.032428
68.911368 32.032428
69.414327 32.032428
69.917290 32.032428
70.420249 32.032428
70.923210 32.032428
71.426170 32.032428
71.929130 32.032428
72.432090 32.032428
72.935051 32.032428
73.438012 32.032428
73.940973 32.032428
74.443932 32.032428
74.946892 32.032428
75.449852 32.032428
75.952814 32.032428
76.455773 32.032428
76.958735 32.032428
77.461694 32.032428
77.964657 32.032428
78.467617 32.525195
78.970575 32.032428
79.473536 32.525195
79.976498 33.017963
80.479457 32.032428
80.982416 32.032428
81.485378 33.017963
81.988346 33.017963
82.491298 33.017963
82.994259 33.017963
83.497220 33.017963
84.000180 33.017963
84.503140 33.017963
85.006100 33.017963
85.509062 33.017963
86.012021 33.017963
86.514982 33.757114
87.017942 34.003498
87.520368 33.757114
88.023862 33.757114
88.526823 34.003498
89.029784 34.003498
89.532746 34.003498
90.035705 34.003498
90.538665 34.003498
91.041626 34.003498
91.544587 34.003498
92.047546 34.003498
92.550507 34.003498
93.053507 34.003498
93.556428 34.003498
94.059387 34.003498
94.562348 34.003498
95.065309 34.003498
95.568269 34.003498
96.071229 34.003498
96.574189 35.235417
97.077151 35.235417
97.580109 35.235417
98.083071 34.003498
98.586031 35.235417
99.088992 35.235417
99.591951 35.235417
100.094917 35.235417
100.597874 35.235417
101.100834 35.235417
101.603793 35.235417
102.106754 35.235417
102.609714 35.235417
103.112676 35.728184
103.615635 35.728184
104.118595 35.728184
104.621556 35.728184
105.124517 35.728184
105.627476 35.728184
106.130436 35.728184
106.633378 35.974568
107.136359 35.728184
107.639317 35.974568
108.142258 35.728184
108.645240 35.974568
109.148199 35.974568
109.651159 35.974568
110.154120 35.974568
110.657082 35.974568
111.160041 35.974568
111.663001 35.974568
112.165961 35.974568
112.668923 35.974568
113.171883 35.974568
113.674843 35.974568
114.177803 35.974568
114.680764 35.974568
115.183723 36.220952
115.686684 35.974568
116.189644 35.974568
116.692606 35.974568
117.195565 36.467336
117.698526 36.467336
118.201485 35.974568
118.704447 36.467336
119.207408 36.467336
119.710368 36.467336
120.213329 36.467336
120.716298 36.467336
121.219247 36.467336
121.722209 36.467336
122.225171 36.960103
122.728131 36.467336
123.231089 38.192022
123.734050 38.192022
124.237011 38.192022
124.739971 38.192022
125.242932 38.192022
125.745893 38.192022
126.248853 38.192022
126.751814 38.192022
127.254772 38.192022
127.757733 38.192022
128.260695 38.192022
128.763654 38.192022
129.266616 38.192022
129.769576 38.192022
130.272536 38.192022
130.775496 38.192022
131.278456 38.192022
131.781417 38.192022
132.284378 38.192022
132.787337 38.192022
133.290297 38.192022
133.793260 38.192022
134.296219 38.192022
134.799180 38.192022
135.302140 38.192022
135.805100 38.192022
136.308061 38.192022
136.811021 38.192022
137.313980 38.192022
137.816942 38.192022
138.319902 38.192022
138.822862 38.192022
139.325823 38.192022
139.828783 38.192022
140.331743 38.192022
140.834704 38.192022
141.336667 39.177558
141.839625 38.192022
142.342585 38.192022
142.845545 38.192022
143.348506 38.192022
143.851466 39.177558
144.354427 39.177558
144.857388 38.192022
145.360349 39.177558
145.863308 39.177558
146.366268 39.177558
146.869229 39.177558
147.372189 39.177558
147.875149 39.177558
148.378110 39.177558
148.881073 39.177558
149.384030 39.177558
149.886991 39.670325
150.389950 39.177558
150.892913 39.177558
151.395873 39.177558
151.898832 39.177558
152.401792 39.670325
152.904755 39.670325
153.407714 39.670325
153.910674 39.670325
154.413635 39.670325
154.916595 39.670325
155.419556 39.916709
155.922515 39.916709
156.425475 39.916709
156.928438 39.670325
157.431396 39.670325
157.934357 39.670325
158.437318 39.670325
158.940278 39.916709
159.443239 39.916709
159.946199 39.916709
160.449160 39.916709
160.952119 39.916709
161.455080 39.916709
161.958039 39.916709
162.461001 39.916709
162.963962 39.916709
163.466922 39.916709
163.969883 39.916709
164.472842 39.916709
164.975802 39.916709
165.478763 39.916709
165.981723 39.916709
166.484685 39.916709
166.987630 39.916709
167.490606 40.409476
167.993564 40.409476
168.496526 39.916709
168.999486 39.916709
169.502447 39.916709
170.005407 39.916709
170.508368 39.916709
171.011328 39.916709
171.514295 39.916709
172.017249 39.916709
172.520210 40.409476
173.023169 40.409476
173.526129 39.916709
174.029091 40.409476
174.532050 39.916709
175.035011 39.916709
175.537971 39.916709
176.040932 40.409476
176.543892 40.409476
177.046851 40.409476
177.549812 40.409476
178.052773 40.409476
178.555734 40.409476
179.058694 40.902244
179.561654 40.409476
180.064616 40.409476
180.567575 40.902244
181.070536 40.902244
181.573496 40.409476
182.076458 40.902244
182.579415 40.902244
183.082376 40.902244
183.585338 40.902244
184.088310 40.902244
184.591298 40.902244
185.094218 40.902244
185.597181 40.902244
186.100139 40.902244
186.603100 40.902244
187.106060 41.641395
187.609022 40.902244
188.111982 40.902244
188.614941 41.641395
189.117901 40.902244
189.620863 41.641395
190.123822 40.902244
190.626784 40.902244
191.129743 41.887779
191.632705 41.641395
192.135663 41.641395
192.638625 41.641395
193.141584 41.641395
193.644546 41.887779
194.147506 40.902244
194.650466 41.887779
195.153425 41.887779
195.656387 41.887779
196.159348 41.887779
196.662309 41.887779
197.165270 41.887779
197.668228 41.887779
198.171189 41.887779
198.674149 41.887779
199.177111 41.887779
199.680070 41.887779
200.183030 41.887779
200.685990 41.887779
201.188952 41.887779
201.691911 41.887779
202.194872 41.887779
202.697832 41.887779
203.200793 41.887779
203.703753 41.887779
204.206712 41.887779
204.709674 41.887779
205.212634 41.887779
205.715595 41.887779
206.218538 41.887779
206.721515 41.887779
207.224477 41.887779
207.727436 41.887779
208.230396 41.887779
208.733358 43.119698
209.236328 41.887779
209.739279 43.119698
210.242237 43.119698
210.745200 41.887779
211.248159 41.887779
211.751120 43.119698
212.254079 43.119698
212.757041 41.887779
213.260001 43.119698
213.763294 43.119698
214.266921 41.887779
214.769882 43.119698
215.272843 43.119698
215.775803 43.119698
216.278755 41.887779
216.781715 43.119698
217.284676 43.119698
217.787644 43.119698
218.290620 43.119698
218.793566 43.119698
219.296538 44.105233
219.799478 43.119698
220.302455 43.612466
220.805544 43.119698
221.308375 44.105233
221.811325 44.105233
222.314288 43.119698
222.817251 44.105233
223.320265 43.119698
223.823170 44.105233
224.326129 44.105233
224.829091 44.105233
225.332064 44.105233
225.835014 43.612466
226.337975 44.105233
226.840927 44.105233
227.343892 44.105233
227.846854 44.105233
228.349812 44.105233
228.852771 44.105233
229.355726 44.105233
229.858691 44.105233
230.361646 44.105233
230.864364 44.105233
231.367570 44.105233
231.870535 44.105233
232.373501 44.105233
232.876454 44.105233
233.379444 44.105233
233.882384 44.105233
234.385341 44.105233
234.888335 44.105233
235.391248 44.105233
235.894202 44.105233
236.397179 44.105233
236.900135 44.105233
237.403093 44.105233
237.906060 44.105233
238.409021 44.105233
238.911979 44.105233
239.414939 44.105233
239.917900 44.105233
240.420848 44.105233
240.923821 44.105233
241.426781 44.105233
241.929741 44.105233
242.432731 44.105233
242.936665 44.105233
243.439623 44.105233
243.942579 44.105233
244.445534 44.351617
244.948496 44.105233
245.451459 44.105233
245.954415 44.105233
246.457374 44.105233
246.960338 44.105233
247.463294 44.105233
247.966256 44.105233
248.469219 44.105233
248.972186 44.105233
249.475146 44.105233
249.978106 44.105233
250.481069 44.351617
250.984028 44.351617
251.486982 44.105233
251.989940 44.351617
252.492909 44.351617
252.995871 44.351617
253.498829 44.351617
254.001791 44.351617
254.504753 44.844385
255.007706 44.351617
255.510664 44.351617
256.013626 44.351617
256.516582 44.844385
257.019545 44.351617
257.522505 44.351617
258.025475 46.076304
258.528428 44.351617
259.031388 44.844385
259.534343 44.844385
260.037310 44.351617
260.540269 44.351617
261.043229 46.076304
261.546185 44.844385
262.049146 46.076304
262.556129 46.076304
263.059079 46.076304
263.562039 46.076304
264.065000 44.844385
264.567960 46.076304
265.071945 46.076304
265.574882 46.076304
266.079835 46.076304
266.582805 46.076304
267.085782 46.076304
267.588746 46.076304
268.091682 46.076304
268.594661 46.076304
269.097603 46.076304
269.600564 46.076304
270.103524 46.076304
270.606486 46.076304
271.109438 46.076304
271.612400 46.076304
272.115356 46.076304
272.618327 46.076304
273.121287 46.076304
273.624235 46.076304
274.127201 46.076304
274.630160 46.076304
275.133128 46.076304
275.636089 46.076304
276.139042 46.076304
276.642008 46.076304
277.144967 46.076304
277.647924 46.076304
278.150882 46.076304
278.653839 46.076304
279.156801 46.076304
279.659760 46.076304
280.162727 46.076304
280.665741 46.076304
281.168645 46.076304
281.671613 46.076304
282.174572 46.076304
282.677524 46.076304
283.180495 46.076304
283.683444 46.076304
284.186408 46.076304
284.689367 46.076304
285.192330 46.076304
285.695288 46.076304
286.198244 46.076304
286.701210 46.076304
287.204165 46.076304
287.707124 46.076304
288.210092 46.076304
288.713051 47.061839
289.216019 46.076304
289.718975 46.076304
290.221934 46.076304
290.724900 46.076304
291.227854 46.076304
291.730812 46.076304
292.233771 46.076304
292.736742 46.076304
293.239702 46.076304
293.742656 46.076304
294.245615 46.076304
294.748573 46.076304
295.251532 46.076304
295.754496 46.076304
296.257461 46.076304
296.760422 46.076304
297.263386 46.076304
297.766345 46.076304
298.269299 46.076304
298.772260 47.061839
299.275217 46.076304
299.778177 47.061839
300.283133 47.061839
300.788094 47.061839
301.293055 47.061839
301.798015 47.061839
302.302974 47.061839
302.807936 47.061839
303.312897 47.061839
303.817996 47.061839
304.323815 47.061839
304.828777 47.061839
305.333735 47.061839
305.838695 47.061839
306.343655 47.061839
306.848617 47.061839
307.353577 47.061839
307.858537 47.061839
308.363497 48.047374
308.868458 47.061839
309.373429 47.061839
309.878392 48.047374
310.383376 48.047374
310.888308 48.047374
311.393258 48.047374
311.898219 48.047374
312.403179 48.047374
312.908140 48.047374
313.413102 48.047374
313.918061 48.047374
314.423020 48.047374
314.927980 48.047374
315.432356 48.047374
315.937901 48.047374
316.442861 48.047374
316.947822 48.047374
317.452783 48.047374
317.957741 48.047374
318.462703 48.047374
318.967660 48.047374
319.472622 48.047374
319.977585 47.061839
320.482542 47.061839
320.987503 48.047374
321.492463 47.061839
321.997422 47.061839
322.502385 47.061839
323.007344 47.061839
323.512315 47.061839
324.017266 47.061839
324.522225 47.061839
325.027184 47.061839
325.532144 47.061839
326.037106 47.061839
326.542064 47.061839
327.047025 46.076304
327.551985 47.061839
328.056947 47.061839
328.561906 46.076304
329.066868 46.076304
329.570828 46.076304
330.077781 46.076304
330.582748 46.076304
331.087707 46.076304
331.592667 46.076304
332.097628 46.076304
332.602588 46.076304
333.107548 46.076304
333.612510 46.076304
334.117468 46.076304
334.622428 46.076304
335.127389 46.076304
335.632350 46.076304
336.137323 46.076304
336.642269 46.076304
337.147229 46.076304
337.652190 46.076304
338.157152 46.076304
338.662110 46.076304
339.167071 46.076304
339.672030 46.076304
340.176993 46.076304
340.681951 46.076304
341.186911 46.076304
341.691870 44.844385
342.196832 46.076304
342.701792 46.076304
343.206750 44.351617
343.711711 44.844385
344.216674 44.351617
344.721633 44.351617
345.226592 44.351617
345.731553 44.351617
346.236514 44.351617
346.741473 44.351617
347.246433 44.844385
347.751394 44.105233
348.256356 44.351617
348.761317 44.105233
349.266276 44.105233
349.771251 44.105233
350.276197 44.105233
350.781158 44.105233
351.286117 44.105233
351.791076 44.105233
352.296036 44.105233
352.800998 44.105233
353.305946 44.105233
353.810920 44.105233
354.315878 44.105233
354.824870 44.105233
355.329799 44.105233
355.834758 44.105233
356.339719 44.105233
356.844680 44.105233
357.349626 44.105233
357.854600 44.105233
358.359560 43.119698
358.864523 43.119698
359.369481 43.612466
359.874440 44.105233
360.379400 43.119698
360.884362 44.105233
361.390322 43.612466
361.895283 43.119698
362.400243 41.887779
362.905219 43.119698
363.410163 43.119698
363.915121 43.119698
364.420082 43.119698
364.925043 41.887779
365.430002 43.119698
365.934997 41.887779
366.439921 43.119698
366.944884 43.119698
367.449842 41.887779
367.954802 41.887779
368.459762 43.119698
368.964724 41.887779
369.469682 41.887779
369.974643 41.887779
370.479603 41.887779
370.984348 41.887779
371.489524 41.887779
371.994497 41.887779
372.499457 41.887779
373.004411 41.887779
373.509368 41.887779
374.014331 41.887779
374.519290 41.887779
375.024248 41.887779
375.529210 41.887779
376.034169 41.887779
376.539157 41.887779
377.044160 41.887779
377.550564 41.641395
378.056010 41.887779
378.560970 41.641395
379.065929 41.641395
379.570890 40.902244
380.075851 41.641395
380.580813 40.902244
381.085770 40.902244
381.590730 40.902244
382.095690 40.902244
382.600652 40.902244
383.105611 40.902244
383.610571 40.902244
384.115531 40.902244
384.620491 40.902244
385.125451 40.902244
385.630411 40.902244
386.135447 40.902244
386.640332 40.409476
387.145293 40.409476
387.650253 40.409476
388.155213 40.409476
388.660172 40.409476
389.165134 40.409476
389.670093 39.916709
390.175055 40.409476
390.680013 40.409476
391.184975 39.916709
391.689934 40.409476
392.194894 39.916709
392.699856 39.916709
393.204817 39.916709
393.709775 39.916709
394.214736 39.916709
394.719696 39.916709
395.224658 39.916709
395.729619 39.916709
396.234578 39.916709
396.739539 39.916709
397.244497 39.916709
397.749457 39.916709
398.254419 39.916709
398.759377 39.916709
399.264338 39.916709
399.769301 39.916709
400.274260 39.916709
400.779219 39.916709
401.284179 39.916709
401.789140 39.916709
402.294102 39.916709
402.799060 39.916709
403.304021 39.670325
403.808981 39.916709
404.313942 39.916709
404.818901 39.916709
405.323861 39.670325
405.828822 39.670325
406.333780 39.916709
406.838741 39.916709
407.343703 39.670325
407.848663 39.670325
408.353622 39.670325
408.858583 39.670325
409.363542 39.670325
409.868503 39.670325
410.373464 39.177558
410.878423 39.670325
411.383383 39.670325
411.888344 39.177558
412.393305 39.670325
412.898265 39.670325
413.403225 39.670325
413.908185 39.177558
414.413146 39.177558
414.918105 39.177558
415.423065 39.177558
415.928025 39.177558
416.432987 39.177558
416.937946 39.177558
417.442906 39.177558
417.947867 39.177558
418.452827 39.177558
418.957787 39.177558
419.462748 39.177558
419.967708 39.177558
420.472669 39.177558
420.977628 39.177558
421.482588 39.177558
421.987547 39.177558
422.492510 39.177558
422.997469 39.177558
423.502429 39.177558
424.007388 38.192022
424.512351 39.177558
425.017311 39.177558
425.522270 38.192022
426.027230 38.192022
426.532190 38.192022
427.037151 39.177558
427.542110 38.192022
428.047071 38.192022
428.552037 38.192022
429.061818 39.177558
429.566953 38.192022
430.071913 38.192022
430.576905 38.192022
431.081833 38.192022
431.586792 38.192022
432.091754 38.192022
432.596713 38.192022
433.101673 38.192022
433.607658 38.192022
434.112667 38.192022
434.617555 38.192022
435.122512 38.192022
435.627473 38.192022
436.132434 38.192022
436.637395 38.192022
437.142356 38.192022
437.648306 38.192022
438.153279 38.192022
438.658239 38.192022
439.163197 38.192022
439.668156 38.192022
440.173118 38.192022
440.678077 38.192022
441.183036 38.192022
441.687998 38.192022
442.192958 38.192022
442.697919 38.192022
443.202879 38.192022
443.707839 38.192022
444.212799 38.192022
444.717759 38.192022
445.222719 38.192022
445.727679 38.192022
446.232640 38.192022
446.737599 38.192022
447.242558 38.192022
447.747505 38.192022
448.252483 38.192022
448.757440 38.192022
449.262401 38.192022
449.767360 38.192022
450.272334 38.192022
450.777282 38.192022
451.282242 38.192022
451.787202 38.192022
452.292162 38.192022
452.797124 38.192022
453.302082 36.960103
453.807042 38.192022
454.312002 36.467336
454.816966 36.960103
455.321924 38.192022
455.826883 36.960103
456.331843 38.192022
456.836805 38.192022
457.341764 36.960103
457.846725 36.960103
458.351685 36.467336
458.856646 38.192022
459.361605 36.467336
459.866565 36.467336
460.371526 38.192022
460.876488 36.467336
461.381447 36.467336
461.886405 36.467336
462.391366 36.960103
462.896337 36.467336
463.401288 36.467336
463.906249 36.960103
464.411207 36.467336
464.916168 36.960103
465.421129 36.467336
465.926088 36.467336
466.431049 36.467336
466.936009 36.467336
467.440971 36.467336
467.945929 36.220952
468.449889 35.974568
468.954850 35.974568
469.459810 35.974568
469.964774 36.467336
470.469731 36.467336
470.974693 36.467336
471.479653 35.974568
471.984614 35.974568
472.489572 35.974568
472.994544 35.974568
473.499496 35.974568
474.004454 35.974568
474.509414 35.974568
475.014373 35.974568
475.519333 36.220952
476.024304 35.974568
476.529253 35.974568
477.034214 35.974568
477.542177 35.974568
478.047133 35.974568
478.552093 35.974568
479.057055 35.974568
479.562014 35.974568
480.066974 35.974568
480.571934 35.974568
481.076897 35.974568
481.581855 35.974568
482.086817 35.974568
482.591781 35.974568
483.096752 35.974568
483.601712 35.974568
484.106658 35.974568
484.611618 35.974568
485.116579 35.974568
485.621538 35.974568
486.126500 35.974568
486.631458 35.974568
487.136420 35.974568
487.641379 35.974568
488.146341 35.974568
488.651300 35.974568
489.156259 35.974568
489.661220 35.974568
490.166182 35.974568
490.671140 35.974568
491.176101 35.974568
491.681062 35.974568
492.186022 35.974568
492.690982 35.974568
493.195943 35.974568
493.700902 35.974568
494.205863 35.974568
494.710822 35.728184
495.215783 35.728184
495.720744 35.974568
496.224705 35.728184
496.729664 35.728184
497.234625 35.974568
497.739585 35.728184
498.244546 35.974568
498.749504 35.974568
499.254464 35.974568
499.759425 35.728184
500.264386 35.728184
500.769345 35.974568
501.274308 35.728184
501.779265 35.728184
502.284226 35.974568
502.789187 35.728184
503.294147 35.728184
503.799105 35.728184
504.304066 35.728184
504.809027 35.728184
505.313986 35.728184
505.818946 35.728184
506.323908 35.235417
506.828868 35.235417
507.333828 35.728184
507.838787 35.728184
508.343750 35.235417
508.848713 35.235417
509.353671 35.728184
509.858631 35.728184
510.362644 35.235417
510.867550 35.728184
511.372513 35.728184
511.877481 35.235417
512.382431 35.235417
512.887392 35.728184
513.392353 35.728184
513.897312 35.235417
514.402272 35.235417
514.907233 35.235417
515.412192 34.003498
515.917153 35.235417
516.422095 35.728184
516.927074 35.235417
517.432032 35.235417
517.936993 35.235417
518.441955 35.235417
518.946914 35.235417
519.451872 35.235417
519.956835 35.235417
520.461794 35.235417
520.966753 34.003498
521.471714 35.235417
521.976674 35.235417
522.481633 34.003498
522.986594 35.235417
523.491556 35.235417
523.996518 35.235417
524.501476 35.235417
525.006436 34.003498
525.511396 34.003498
526.016357 34.003498
526.521317 34.003498
527.026279 34.003498
527.531238 34.003498
528.036196 35.235417
528.541159 34.003498
529.046118 34.003498
529.551078 35.235417
530.056039 34.003498
530.561000 34.003498
531.065959 34.003498
531.570918 35.235417
532.075879 34.003498
532.580840 34.003498
533.085801 34.003498
533.590760 34.003498
534.095720 34.003498
534.600682 34.003498
535.105640 34.003498
535.610600 34.496265
536.115562 34.003498
536.620522 34.003498
537.125481 34.003498
537.630441 34.003498
538.135402 34.003498
538.640370 34.003498
539.145325 34.003498
539.650284 34.003498
540.155245 34.003498
540.660216 34.003498
541.165175 34.003498
541.670690 34.003498
542.176085 34.003498
542.681046 34.003498
543.186045 34.003498
543.690966 34.003498
544.195927 34.003498
544.700888 34.003498
545.205847 34.003498
545.710804 34.003498
546.215764 34.003498
546.720729 34.003498
547.225686 34.003498
547.730647 34.003498
548.235607 34.003498
548.740568 34.003498
549.245526 34.003498
549.750499 34.003498
550.255463 34.003498
550.760416 34.003498
551.265369 34.003498
551.770329 34.003498
552.275289 34.003498
552.780249 34.003498
553.285211 34.003498
553.790182 34.003498
554.295130 34.003498
554.800091 34.003498
555.305051 34.003498
555.810012 34.003498
556.314970 34.003498
556.819931 34.003498
557.324893 34.003498
557.829852 34.003498
558.334812 34.003498
558.839773 34.003498
559.344733 34.003498
559.849692 34.003498
560.354653 33.757114
560.859613 34.003498
561.364574 33.757114
561.869533 33.757114
562.374493 34.003498
562.879453 34.003498
563.384417 33.757114
563.889374 34.003498
564.394335 33.757114
564.899306 33.757114
565.404266 33.757114
565.909216 33.757114
566.414177 33.757114
566.919136 34.003498
567.424096 33.757114
567.929072 33.017963
568.434016 33.757114
568.938976 33.757114
569.443943 33.757114
569.948899 33.017963
570.453857 33.017963
570.958818 33.757114
571.463780 33.017963
571.968736 33.017963
572.473689 33.017963
572.978674 33.017963
573.483623 33.017963
573.988588 33.757114
574.493521 33.757114
574.998507 33.757114
575.503461 33.017963
576.008423 33.017963
576.513383 33.017963
577.018342 33.017963
577.523302 33.017963
578.028272 33.757114
578.533236 33.017963
579.038325 33.017963
579.544142 33.017963
580.048355 33.017963
580.554066 33.017963
581.059018 33.017963
581.564014 33.017963
582.068946 33.017963
582.573902 33.017963
583.078864 33.757114
583.583824 32.525195
584.088785 33.017963
584.594747 33.017963
585.099704 33.017963
585.604665 33.017963
586.109624 33.017963
586.614585 33.017963
587.119545 32.525195
587.624506 32.032428
588.129465 32.032428
588.634427 33.017963
589.139386 33.017963
589.644346 33.017963
590.149310 32.525195
590.654267 33.017963
591.159227 32.032428
591.664188 33.017963
592.169149 32.032428
592.674107 33.017963
593.179067 33.017963
593.684028 32.032428
594.188990 33.017963
594.693948 33.017963
595.198908 32.032428
595.703868 32.032428
596.208830 33.017963
596.713790 33.017963
597.218749 32.525195
597.723710 32.032428
598.228670 32.032428
598.733632 33.017963
599.238573 33.017963
599.743552 33.017963
600.248512 32.032428
600.753471 32.032428
601.258430 32.032428
601.763392 32.032428
602.268354 32.525195
602.773294 33.017963
603.278273 32.032428
603.783233 32.525195
604.288175 32.032428
604.793156 32.032428
605.298114 32.032428
605.803074 32.032428
606.308034 32.032428
606.812996 32.032428
607.317954 32.032428
607.822914 33.017963
608.327875 32.032428
608.832838 33.017963
609.337796 32.032428
609.842777 32.032428
610.347716 32.032428
610.852677 32.032428
611.357635 32.032428
611.862596 32.032428
612.367556 32.525195
612.872529 32.032428
613.377479 32.032428
613.882437 32.032428
614.387397 32.032428
614.892359 32.032428
615.397318 32.032428
615.902278 32.032428
616.407238 32.032428
616.912199 32.032428
617.417158 32.032428
617.922118 32.032428
618.427079 32.032428
618.932039 32.032428
619.437000 32.032428
619.941960 32.032428
620.446921 32.032428
620.951879 32.032428
621.456841 32.032428
621.960812 32.032428
622.465761 32.032428
622.970722 32.032428
623.475681 32.032428
623.980654 32.032428
624.485602 32.032428
624.990561 32.032428
625.495523 32.032428
626.000483 32.032428
626.505443 32.032428
627.010403 32.032428
627.515363 32.032428
628.020328 32.032428
628.525285 32.032428
629.030245 32.032428
629.535204 32.032428
630.040162 32.032428
630.545124 32.032428
631.050083 32.032428
631.555044 32.032428
632.060006 32.032428
632.564966 32.032428
633.069933 32.032428
633.574886 32.032428
634.079846 32.032428
634.584811 32.032428
635.089767 32.032428
635.594726 32.032428
636.098688 32.032428
636.603648 32.032428
637.108608 32.032428
637.613568 32.032428
638.118529 32.032428
638.623489 32.032428
639.128450 32.032428
639.633409 32.032428
640.138369 32.032428
640.643329 32.032428
641.148301 32.032428
641.653250 32.032428
642.158210 32.032428
642.663171 32.032428
643.168130 32.032428
643.673091 32.032428
644.178051 32.032428
644.683011 32.032428
645.187970 32.032428
645.692931 32.032428
646.197892 32.032428
646.702853 32.032428
647.207931 32.032428
647.712773 32.032428
648.217733 32.032428
648.722693 32.032428
649.227653 32.032428
649.732614 32.032428
650.237574 32.032428
650.742534 32.032428
651.247494 32.032428
651.752456 32.032428
652.257405 32.032428
652.762376 32.032428
653.267336 31.786044
653.772309 32.032428
654.277257 32.032428
654.782217 31.786044
655.287177 32.032428
655.792136 32.032428
656.297098 31.786044
656.802057 32.032428
657.307017 31.786044
657.811976 32.032428
658.316944 31.786044
658.821900 31.786044
659.326863 31.786044
659.831819 32.032428
660.336780 31.786044
660.841739 32.032428
661.346698 31.786044
661.851659 31.786044
662.356620 32.032428
662.861580 31.786044
663.366539 31.786044
663.871497 31.786044
664.376460 31.786044
664.884414 31.786044
665.389382 31.786044
665.894340 31.786044
666.399302 31.786044
666.904262 31.786044
667.409223 31.786044
667.914183 31.786044
668.419141 31.293276
668.924102 31.786044
669.429063 31.786044
669.934022 31.786044
670.438983 31.786044
670.943943 31.786044
671.448903 31.293276
671.953863 31.293276
672.458823 31.786044
672.963783 31.786044
673.468743 31.786044
673.973705 31.786044
674.478664 31.786044
674.983625 31.786044
675.488586 32.032428
675.993545 31.293276
676.498506 31.293276
677.003466 31.293276
677.508427 31.786044
678.013387 31.786044
678.518347 31.293276
679.023307 31.786044
679.528268 31.293276
680.033228 31.786044
680.538188 31.786044
681.043148 31.293276
681.548108 31.786044
682.053067 31.786044
682.558028 31.786044
683.062988 31.293276
683.567948 31.293276
684.072910 31.293276
684.577869 31.293276
685.082830 31.786044
685.587791 31.786044
686.092752 31.293276
686.597713 31.293276
687.102673 31.293276
687.607648 31.293276
688.112593 31.786044
688.617587 31.293276
689.122511 31.293276
689.627454 31.293276
690.132435 31.786044
690.637392 31.293276
691.142352 31.293276
691.647430 31.293276
692.152276 31.293276
692.657234 31.293276
693.162194 31.293276
693.667156 31.786044
694.172121 31.293276
694.677075 31.293276
695.182035 31.293276
695.686996 31.293276
696.191965 31.293276
696.696917 31.293276
697.201876 31.293276
697.706825 31.293276
698.211777 31.293276
698.716758 31.293276
699.221716 31.293276
699.726676 31.293276
700.231637 31.293276
700.736598 31.293276
701.241557 31.293276
701.746517 31.293276
702.251476 31.293276
702.756438 31.293276
703.261398 31.293276
703.766359 31.293276
704.271319 31.293276
704.776279 31.293276
705.281274 31.293276
705.786201 31.293276
706.291349 31.293276
706.797121 31.293276
707.302081 31.293276
707.807043 31.293276
708.312001 31.293276
708.816943 31.293276
709.321923 31.293276
709.826881 31.293276
710.331842 31.293276
710.836804 31.293276
711.341763 31.293276
711.846722 31.293276
712.351682 31.293276
712.856645 30.307741
713.361604 31.293276
713.866549 31.293276
714.371524 31.293276
714.876485 31.293276
715.381444 31.293276
715.886404 31.293276
716.391366 31.293276
716.896336 31.293276
717.401287 31.293276
717.906246 30.307741
718.411205 31.293276
718.916166 31.293276
719.421128 31.293276
719.926087 31.293276
720.431047 31.293276
720.936007 30.307741
721.440968 31.293276
721.945927 31.293276
722.450887 31.293276
722.955849 30.307741
723.460810 30.307741
723.965768 30.307741
724.470729 30.307741
724.975690 31.293276
725.480649 31.293276
725.985610 31.293276
726.490577 31.293276
726.995540 31.293276
727.500491 31.293276
728.005452 30.307741
728.510421 31.293276
729.015372 31.293276
729.520341 30.307741
730.025294 31.293276
730.530260 31.293276
731.035228 31.293276
731.540175 30.307741
732.045133 30.307741
732.550093 30.307741
733.055038 30.307741
733.560012 30.307741
734.064972 30.307741
734.569932 30.307741
735.074893 30.307741
735.579852 30.307741
736.084813 30.307741
736.589773 30.307741
737.094734 30.307741
737.599695 31.293276
738.104654 30.307741
738.609615 31.293276
739.114582 30.307741
739.619536 30.307741
740.124498 30.307741
740.629461 30.307741
741.134419 30.307741
741.640073 30.307741
742.145338 30.307741
742.650298 30.307741
743.155257 30.307741
743.660219 30.307741
744.165181 31.293276
744.670139 30.307741
745.175099 30.307741
745.680060 30.307741
746.185022 30.307741
746.689980 30.307741
747.194940 30.307741
747.698901 30.307741
748.203861 30.307741
748.708836 30.307741
749.213799 30.307741
749.718741 30.307741
750.223700 30.307741
750.728663 30.307741
751.233622 30.307741
751.738581 30.307741
752.243541 30.307741
752.748502 30.307741
753.253462 30.307741
753.758422 30.307741
754.263382 30.307741
754.768344 30.307741
755.273303 30.307741
755.778263 30.307741
756.283238 30.307741
756.788184 30.307741
757.293162 30.307741
757.798089 30.307741
758.303058 30.307741
758.808043 30.307741
759.312975 30.307741
759.817965 30.307741
760.322939 30.307741
760.828014 30.307741
761.343825 30.307741
761.848786 30.307741
762.353747 30.307741
762.858706 30.307741
763.363646 30.307741
763.868615 30.307741
764.373587 30.307741
764.878559 30.307741
765.383511 30.307741
765.888468 30.307741
766.393427 30.307741
766.898387 30.307741
767.403347 30.307741
767.908323 30.307741
768.413269 30.307741
768.918229 30.307741
769.423189 30.307741
769.928149 30.307741
770.433110 30.307741
770.938084 30.307741
771.443030 30.307741
771.947990 30.307741
772.452952 30.307741
772.957916 30.307741
773.462875 30.307741
773.967861 30.307741
774.472794 30.307741
774.976753 30.307741
775.481712 30.307741
775.986674 30.307741
776.491633 30.307741
776.996594 30.307741
777.501553 30.307741
778.006513 30.307741
778.511472 30.307741
779.016435 30.307741
779.521394 30.307741
780.026354 30.307741
780.531314 30.307741
781.036275 30.307741
781.541248 30.307741
782.046195 30.307741
782.551155 30.307741
783.056115 30.307741
783.561076 30.307741
784.066036 30.307741
784.570996 30.307741
785.075956 30.307741
785.580917 30.307741
786.085887 30.307741
786.590837 30.307741
787.095797 30.307741
787.600757 30.307741
788.105717 30.307741
788.610677 30.307741
789.114647 30.307741
789.619598 30.307741
790.124560 30.307741
790.629519 30.307741
791.134479 30.307741
791.639439 30.307741
792.144399 30.307741
792.649359 30.307741
793.154319 30.307741
793.659279 30.307741
794.164241 30.307741
794.669201 30.307741
795.174160 30.307741
795.679125 30.307741
796.184066 30.307741
796.689043 30.307741
797.194008 30.307741
797.698962 30.307741
798.203923 30.307741
798.708889 30.307741
799.213842 30.307741
799.718808 30.307741
800.223763 30.307741
800.728725 30.307741
801.233689 30.307741
801.738643 30.307741
802.243602 30.307741
802.748566 30.307741
803.253525 30.307741
803.758484 30.307741
804.263444 30.307741
804.768405 30.307741
805.273365 30.307741
805.778328 30.307741
806.283286 30.307741
806.788245 30.307741
807.293207 30.307741
807.798167 30.307741
808.303126 30.307741
808.808098 30.307741
809.313048 30.307741
809.818007 30.307741
810.322967 30.307741
810.827927 30.307741
811.332887 30.307741
811.837849 30.307741
812.342809 30.307741
812.848770 30.307741
813.353733 30.307741
813.858689 30.307741
814.363648 29.075822
814.868611 30.307741
815.373570 30.307741
815.878528 30.307741
816.383489 30.307741
816.888352 30.307741
817.393410 30.307741
817.898371 30.307741
818.403331 30.307741
818.908302 30.307741
819.413257 30.307741
819.918235 30.307741
820.423193 30.307741
820.928146 29.075822
821.433120 30.307741
821.938061 30.307741
822.443064 30.307741
822.947997 30.307741
823.452935 30.307741
823.960903 30.307741
824.465863 29.075822
824.970819 30.307741
825.475788 30.307741
825.980750 30.307741
826.485684 30.307741
826.990656 30.307741
827.495619 30.307741
828.000577 30.307741
828.505567 29.075822
829.010497 29.075822
829.515458 29.075822
830.020416 29.075822
830.525378 30.307741
831.030338 29.075822
831.535297 30.307741
832.040249 30.307741
832.545220 29.075822
833.050178 29.075822
833.555138 30.307741
834.060098 28.583054
834.565059 29.075822
835.070018 29.075822
835.574978 29.075822
836.079939 29.075822
836.584900 29.075822
837.089861 29.075822
837.594820 29.075822
838.099779 28.583054
838.604741 28.583054
839.109701 29.075822
839.614660 29.075822
840.119620 28.583054
840.624581 29.075822
841.129540 29.075822
841.634501 29.075822
842.139462 28.583054
842.644437 28.583054
843.149384 29.075822
843.654343 28.583054
844.159292 29.075822
844.664263 28.583054
845.169223 29.075822
845.674183 29.075822
846.179142 29.075822
846.684102 28.583054
847.189064 30.307741
847.694023 28.583054
848.198984 28.583054
848.703943 28.583054
849.209906 28.583054
849.714864 29.075822
850.219824 28.583054
850.724785 28.583054
851.229746 29.075822
851.734705 28.583054
852.239665 28.583054
852.744627 28.583054
853.249586 29.075822
853.754547 28.583054
854.259506 29.075822
854.764468 30.307741
855.269427 28.583054
855.774389 28.583054
856.279348 28.583054
856.785327 29.075822
857.290271 29.075822
857.795229 28.583054
858.300191 28.583054
858.805149 28.583054
859.310110 28.583054
859.815083 29.075822
860.320031 28.583054
860.824993 28.583054
861.329951 29.075822
861.834912 30.307741
862.339868 28.583054
862.845833 28.583054
863.350792 28.583054
863.855752 28.583054
864.360712 28.583054
864.865673 28.583054
865.371614 28.583054
865.876594 28.583054
866.381579 28.336671
866.886515 28.583054
867.391498 28.583054
867.896438 28.583054
868.401395 28.336671
868.906361 28.583054
869.411316 28.583054
869.916290 28.336671
870.421238 28.583054
870.926201 28.583054
871.431156 28.336671
871.936143 28.336671
872.440352 29.075822
872.946045 28.583054
873.451031 28.583054
873.955972 28.583054
874.460928 28.583054
874.965900 28.336671
875.470837 28.583054
875.975798 28.583054
876.480792 28.336671
876.985710 28.336671
877.490667 28.583054
877.995649 29.075822
878.500601 28.336671
879.005571 28.336671
879.510520 28.583054
880.015485 28.583054
880.520441 28.583054
881.025425 28.336671
881.530383 28.336671
882.035371 28.583054
882.540290 28.336671
883.045245 28.336671
883.550203 28.583054
884.055164 28.583054
884.560133 28.583054
885.065083 28.336671
885.570042 28.583054
886.075003 28.583054
886.578963 28.336671
887.083922 28.336671
887.588885 28.336671
888.093844 28.336671
888.598803 28.336671
889.103763 28.336671
889.608724 28.336671
890.113685 28.336671
890.618645 28.336671
891.123605 28.336671
891.628566 28.336671
892.133527 28.336671
892.638486 28.336671
893.143446 28.336671
893.648406 28.336671
894.153366 28.583054
894.658326 28.336671
895.163276 28.336671
895.668247 28.336671
896.173208 28.336671
896.678168 28.336671
897.183127 28.336671
897.688087 28.336671
898.193049 28.336671
898.698008 28.336671
899.202968 28.336671
899.707929 28.336671
