0.003828 31.293276
0.506750 31.786044
1.009711 31.786044
1.512670 31.786044
2.015631 31.786044
2.518591 32.032428
3.021553 31.786044
3.524505 31.786044
4.027461 31.293276
4.530434 31.786044
5.033393 31.786044
5.536349 31.786044
6.039304 31.786044
6.542266 31.786044
7.045225 31.293276
7.548184 31.786044
8.051143 31.786044
8.554109 31.786044
9.057066 31.786044
9.560026 31.786044
10.062990 31.293276
10.565951 31.786044
11.068907 31.786044
11.571871 32.032428
12.074829 32.032428
12.577790 32.032428
13.080751 32.032428
13.583721 32.032428
14.086682 32.032428
14.589642 32.032428
15.092603 32.032428
15.595562 32.032428
16.098523 32.032428
16.601485 32.032428
17.104444 33.017963
17.607404 33.017963
18.110364 33.757114
18.613325 33.757114
19.116286 34.003498
19.619245 34.003498
20.122206 34.003498
20.625166 35.235417
21.128126 35.235417
21.631087 35.728184
22.134048 35.728184
22.637020 35.974568
23.139969 36.220952
23.642928 36.960103
24.145890 38.192022
24.648850 38.192022
25.151811 38.192022
25.654771 38.192022
26.157733 39.177558
26.660692 39.670325
27.163652 39.916709
27.666612 39.916709
28.169573 40.409476
28.672533 40.902244
29.175492 41.887779
29.678454 41.887779
30.181414 43.119698
30.684374 43.612466
31.187335 44.105233
31.690294 44.105233
32.193255 44.351617
32.696215 46.076304
33.199176 46.076304
33.702137 46.076304
34.205097 47.061839
34.708085 48.047374
35.211018 48.047374
35.713979 48.293758
36.216938 48.786525
36.719898 49.772061
37.222858 49.772061
37.725820 51.003980
38.228780 51.496747
38.731740 51.743131
39.234701 52.728666
39.737660 53.960585
40.240621 53.960585
40.743581 54.946120
41.246542 54.946120
41.749504 55.931655
42.252463 55.931655
42.755423 55.931655
43.258382 56.670807
43.761345 56.670807
44.264304 57.656342
44.767264 58.888261
45.270224 59.873796
45.773186 59.873796
46.276145 60.120180
46.779106 61.844866
47.282068 61.844866
47.785033 61.844866
48.287988 62.830402
48.790948 63.323169
49.293909 63.569553
49.796869 63.569553
50.299830 63.569553
50.802788 65.540623
51.305751 65.540623
51.808710 66.772542
52.311670 67.265310
52.814631 67.511694
53.317593 68.004461
53.820540 69.729148
54.323511 69.729148
54.826472 69.729148
55.329433 70.714683
55.832393 71.207450
56.335353 71.453834
56.838314 71.946602
57.341274 72.439369
57.844235 72.439369
58.347195 73.424905
58.850155 73.424905
59.353118 74.656824
59.856077 75.642359
60.359037 75.642359
60.861998 75.642359
61.364957 77.613429
61.867916 77.613429
62.370878 77.613429
62.873839 78.598964
63.376799 79.091732
63.879759 79.338116
64.382720 79.338116
64.885680 79.338116
65.388641 80.323651
65.891601 81.309186
66.394560 81.309186
66.897523 81.309186
67.400482 82.541105
67.903443 83.033872
68.406403 83.280256
68.909364 83.280256
69.412323 83.773024
69.915284 85.497710
70.418244 85.497710
70.921206 86.483246
71.424165 86.483246
71.927126 86.483246
72.430086 87.468781
72.933047 87.468781
73.436006 87.468781
73.938967 88.207932
74.441928 88.207932
74.944888 88.947083
75.447849 89.193467
75.950808 89.193467
76.453770 90.425386
76.956730 91.410921
77.459690 91.410921
77.962651 91.410921
78.465612 92.150073
78.968571 93.381992
79.471532 93.381992
79.974492 93.381992
80.477453 93.381992
80.980412 95.353062
81.483372 95.353062
81.986333 95.353062
82.489296 95.353062
82.992253 95.353062
83.495214 95.599446
83.998175 96.092213
84.501136 96.092213
85.004097 97.077749
85.507056 97.077749
86.010018 97.077749
86.512984 97.077749
87.016937 98.802435
87.519897 99.048819
88.022858 99.048819
88.525819 99.048819
89.028777 99.541586
89.531739 100.034354
90.034700 101.266273
90.537661 101.266273
91.040620 101.266273
91.543580 101.266273
92.046541 102.251808
92.549502 102.744576
93.052462 102.744576
93.555423 102.990960
94.058382 102.990960
94.561345 102.990960
95.064303 103.976495
95.567263 103.976495
96.070224 104.962030
96.573186 104.962030
97.076145 104.962030
97.579105 104.962030
98.082106 106.193949
98.585037 106.193949
99.087987 107.179484
99.590947 107.179484
100.093909 107.179484
100.596867 107.179484
101.099829 107.918635
101.602789 109.150554
102.105751 109.150554
102.608709 109.150554
103.111669 109.150554
103.614630 110.136090
104.117591 111.121625
104.620551 111.121625
105.123512 111.121625
105.626472 111.121625
106.129433 111.121625
106.632392 111.121625
107.135353 111.121625
107.638314 111.368008
108.141277 111.368008
108.644234 111.860776
109.147196 111.860776
109.650160 111.860776
110.153120 112.846311
110.656078 112.846311
111.159037 112.846311
111.662001 114.078230
112.164958 114.078230
112.667917 114.570998
113.170878 114.817382
113.673840 114.817382
114.176798 115.310149
114.679759 115.310149
115.182719 115.802917
115.685680 117.034836
116.188640 117.034836
116.691602 117.034836
117.194561 117.034836
117.697522 117.034836
118.200482 118.020371
118.703440 118.020371
119.206402 118.020371
119.709363 118.020371
120.212324 119.005906
120.715283 119.005906
121.218244 119.005906
121.721205 119.005906
122.224164 119.005906
122.727126 119.005906
123.230087 119.252290
123.733047 119.745057
124.236006 119.745057
124.738966 120.484209
125.241928 120.730593
125.744887 120.730593
126.247849 120.730593
126.750808 120.730593
127.253770 121.962512
127.756729 122.455279
128.259689 122.948047
128.762650 122.948047
129.265610 122.948047
129.768576 122.948047
130.271531 123.194430
130.774494 123.194430
131.277456 123.194430
131.780412 124.919117
132.283373 124.919117
132.786333 124.919117
133.289294 124.919117
133.792253 125.904652
134.295214 124.919117
134.798174 124.919117
135.301136 125.904652
135.804095 125.904652
136.307056 126.397420
136.810018 126.643804
137.312970 126.643804
137.815932 126.643804
138.318890 126.890187
138.821846 126.890187
139.324811 127.629339
139.827768 126.890187
140.330734 127.629339
140.833695 127.629339
141.336652 127.629339
141.839608 128.614874
142.342571 128.614874
142.845529 128.614874
143.348494 128.614874
143.851456 128.614874
144.354416 128.614874
144.857373 129.846793
145.360338 130.339560
145.863293 130.339560
146.366253 130.585944
146.869220 130.585944
147.372176 130.585944
147.875142 130.585944
148.378098 131.078712
148.881054 131.078712
149.384017 131.078712
149.886985 132.803398
150.389945 132.803398
150.892884 132.803398
151.395870 132.803398
151.898817 132.803398
152.404778 132.803398
152.907743 133.788934
153.410699 132.803398
153.913657 133.788934
154.416618 133.788934
154.919584 133.788934
155.422552 133.788934
155.925500 134.281701
156.428461 134.528085
156.931422 134.281701
157.434381 134.281701
157.937340 134.528085
158.440305 134.528085
158.943260 134.528085
159.446224 135.020852
159.949182 135.513620
160.452145 135.020852
160.955103 135.513620
161.458068 135.513620
161.961030 136.499155
162.463991 136.499155
162.966945 136.499155
163.469907 136.499155
163.972873 136.499155
164.475837 136.499155
164.978797 136.499155
165.481760 136.499155
165.984720 136.499155
166.487676 137.731074
166.990641 138.223842
167.493601 138.223842
167.996560 138.716609
168.499522 138.716609
169.002487 138.716609
169.505444 138.716609
170.008403 138.716609
170.511362 138.962993
171.014322 140.687680
171.517286 140.687680
172.020245 140.687680
172.523205 140.687680
173.026163 140.687680
173.529124 140.687680
174.032079 140.687680
174.535036 140.687680
175.038009 140.687680
175.540962 140.687680
176.043922 141.673215
176.546888 141.673215
177.049849 141.673215
177.552809 142.165982
178.055765 142.165982
178.558816 142.165982
179.061686 142.412366
179.564648 142.412366
180.067606 142.412366
180.570565 142.412366
181.073526 142.412366
181.584505 142.412366
182.087447 142.412366
182.590412 142.412366
183.093374 143.397901
183.596338 143.397901
184.099294 143.397901
184.602258 143.397901
185.105215 144.383437
185.608216 143.397901
186.111137 143.397901
186.614099 144.383437
187.117057 144.383437
187.620080 144.383437
188.122976 144.383437
188.625941 144.383437
189.128897 145.615356
189.631856 145.615356
190.134818 145.615356
190.637780 145.615356
191.140744 146.108123
191.643702 146.354507
192.146660 146.354507
192.649625 146.354507
193.152582 146.354507
193.655540 146.354507
194.158501 146.354507
194.661460 146.354507
195.164422 146.354507
195.667380 146.847274
196.170341 147.340042
196.673302 148.571961
197.176262 148.571961
197.679222 148.571961
198.182184 148.571961
198.685126 148.571961
199.188106 148.571961
199.691073 148.571961
200.194026 148.571961
200.696966 148.571961
201.199946 149.557496
201.702897 149.557496
202.205858 149.557496
202.708815 149.557496
203.211780 149.557496
203.714743 149.557496
204.217699 149.557496
204.720658 150.543031
205.223620 150.543031
205.726581 150.543031
206.229540 150.543031
206.732504 150.543031
207.235460 150.543031
207.737421 150.543031
208.240380 150.543031
208.743339 150.543031
209.246300 151.282183
209.749264 151.282183
210.252222 151.282183
210.755184 151.282183
211.258146 151.282183
211.761103 151.282183
212.264064 152.021334
212.767026 152.267718
213.269984 152.267718
213.772943 152.267718
214.275905 152.267718
214.778864 152.267718
215.281826 152.267718
215.784788 152.267718
216.287746 152.267718
216.790708 152.267718
217.293668 153.499637
217.796631 153.499637
218.299588 153.499637
218.802550 152.267718
219.305510 152.267718
219.808470 154.485172
220.311433 154.485172
220.814391 153.499637
221.317351 153.992404
221.820312 153.499637
222.323272 154.485172
222.826231 154.485172
223.329204 154.485172
223.832157 154.485172
224.335121 154.485172
224.838086 154.485172
225.341041 154.485172
225.844006 154.731556
226.346965 154.485172
226.849926 154.485172
227.352892 154.485172
227.855869 154.731556
228.358813 156.456242
228.861761 156.456242
229.364725 156.456242
229.867696 156.456242
230.370648 156.456242
230.874095 156.456242
231.377639 156.456242
231.880531 156.456242
232.383496 156.456242
232.886458 156.456242
233.389414 156.456242
233.892368 157.441778
234.395333 156.456242
234.898293 157.441778
235.401265 157.441778
235.904212 157.441778
236.407186 157.934545
236.910148 157.934545
237.413097 157.934545
237.916070 157.441778
238.419016 157.441778
238.921976 158.180929
239.424933 158.180929
239.928898 158.180929
240.431860 158.180929
240.934828 158.180929
241.437788 158.180929
241.940766 158.180929
242.443697 158.180929
242.946667 158.180929
243.449055 158.180929
243.952586 158.180929
244.455538 158.180929
244.958493 159.166464
245.461456 159.166464
245.964417 160.151999
246.467377 160.151999
246.970335 160.151999
247.473302 160.151999
247.976260 160.151999
248.479222 160.151999
248.982180 160.151999
249.485143 160.151999
249.988098 160.151999
250.491093 160.151999
250.994026 160.151999
251.496993 161.383918
251.999946 160.151999
252.502919 161.383918
253.005869 161.383918
253.508819 161.383918
254.011815 161.383918
254.514775 161.383918
255.017710 161.876686
255.520668 162.123070
256.023634 162.123070
256.526587 161.876686
257.029547 161.383918
257.532509 161.876686
258.035472 162.123070
258.538433 162.123070
259.041389 162.123070
259.544352 162.123070
260.047312 162.615837
260.550272 162.615837
261.053233 162.615837
261.556189 162.615837
262.059153 162.615837
262.563280 162.615837
263.067074 162.615837
263.570035 162.615837
264.072997 162.123070
264.575955 162.615837
265.078913 164.340524
265.581874 164.340524
266.084835 164.340524
266.587797 164.340524
267.090752 164.340524
267.593717 164.340524
268.096676 164.340524
268.599640 164.340524
269.102599 164.340524
269.605556 164.340524
270.108512 164.340524
270.611473 164.340524
271.114431 164.340524
271.617401 164.340524
272.120361 165.326059
272.623319 164.340524
273.126277 165.326059
273.629237 165.326059
274.132207 165.326059
274.635161 165.326059
275.138129 165.326059
275.641092 165.326059
276.144043 165.326059
276.647000 165.326059
277.149964 165.326059
277.652921 165.326059
278.155909 165.818826
278.658840 165.326059
279.161043 165.818826
279.664767 165.326059
280.167727 166.065210
280.670685 166.065210
281.173650 166.065210
281.676609 166.065210
282.179570 166.065210
282.682525 166.065210
283.185486 166.065210
283.688442 166.065210
284.191403 166.065210
284.694366 166.065210
285.197325 166.065210
285.700285 166.065210
286.203247 166.065210
286.706214 166.065210
287.209168 166.065210
287.712135 166.065210
288.215089 166.065210
288.718070 167.050745
289.221031 166.557978
289.723972 166.557978
290.226937 167.050745
290.729928 167.050745
291.232851 167.050745
291.735809 167.789897
292.238777 167.789897
292.741738 168.036281
293.244692 168.036281
293.747654 168.036281
294.250614 168.036281
294.753564 168.036281
295.256545 167.789897
295.759501 168.036281
296.262457 168.036281
296.765423 168.036281
297.268381 168.036281
297.771341 168.036281
298.274302 168.036281
298.777264 168.036281
299.280217 168.036281
299.783179 169.268200
300.286136 169.268200
300.789095 169.268200
301.292052 169.760967
301.795012 169.268200
302.297975 169.268200
302.800926 170.253735
303.303912 169.268200
303.806858 170.253735
304.309821 170.253735
304.812775 170.253735
305.315753 170.253735
305.818703 170.253735
306.321659 170.253735
306.824620 170.253735
307.327577 170.253735
307.830537 170.253735
308.333498 170.253735
308.836460 170.253735
309.339417 170.253735
309.842380 170.253735
310.345343 170.253735
310.848302 170.253735
311.351264 170.253735
311.854231 170.253735
312.357186 170.253735
312.860141 170.253735
313.363111 170.500118
313.866072 170.500118
314.369039 172.224805
314.871994 172.224805
315.374949 170.500118
315.877910 172.224805
316.380853 170.992886
316.883837 172.224805
317.386789 172.224805
317.889754 172.224805
318.392708 172.224805
318.895666 172.224805
319.398628 172.224805
319.901588 172.224805
320.404548 172.224805
320.907519 172.224805
321.410470 172.224805
321.913431 172.224805
322.416390 172.224805
322.919351 172.224805
323.422310 172.224805
323.925274 172.224805
324.428232 172.224805
324.931191 172.224805
325.434154 172.224805
325.937113 172.224805
326.440075 172.224805
326.943037 172.224805
327.445994 172.224805
327.948958 172.224805
328.452887 172.224805
328.955880 172.224805
329.458845 174.195875
329.961799 173.210340
330.464759 174.195875
330.967722 174.195875
331.470679 174.195875
331.973640 173.210340
332.476603 173.210340
332.979565 174.195875
333.482523 174.195875
333.985514 174.195875
334.488450 174.195875
334.991401 174.195875
335.494364 174.195875
335.997321 174.195875
336.500282 174.195875
337.003241 174.195875
337.506201 174.195875
338.009162 174.195875
338.512127 174.195875
339.015081 174.195875
339.518045 174.195875
340.021014 174.195875
340.523966 174.195875
341.026922 174.195875
341.529895 174.195875
342.032847 174.195875
342.535808 174.195875
343.038771 174.195875
343.541732 174.195875
344.044685 174.195875
344.547651 174.442259
345.050607 174.935027
345.553570 174.442259
346.056526 174.442259
346.559491 174.195875
347.062447 174.195875
347.565412 174.195875
348.068369 174.442259
348.571330 174.195875
349.074290 174.195875
349.577253 174.195875
350.080223 174.442259
350.583179 174.442259
351.086131 174.442259
351.589095 174.935027
352.092050 174.442259
352.595024 174.935027
353.097986 174.442259
353.600943 174.935027
354.103946 174.935027
354.606866 174.935027
355.109827 174.935027
355.612786 175.674178
356.115747 175.920562
356.618707 175.920562
357.121669 175.920562
357.624626 175.920562
358.127588 175.674178
358.630548 175.674178
359.133508 175.920562
359.636468 175.920562
360.139433 175.920562
360.642394 175.920562
361.145351 175.674178
361.648311 175.920562
362.151271 175.920562
362.654233 175.920562
363.157196 175.920562
363.660153 175.920562
364.163113 175.920562
364.666073 175.920562
365.169041 175.920562
365.671993 175.920562
366.174954 175.920562
366.677915 175.920562
367.180874 175.920562
367.683834 175.920562
368.186796 175.920562
368.689053 175.920562
369.192715 175.920562
369.695676 175.920562
370.198636 177.645248
370.701597 177.645248
371.204557 177.645248
371.707523 177.645248
372.210483 177.645248
372.713440 177.645248
373.216399 177.152481
373.719360 177.152481
374.222322 177.645248
374.725281 177.645248
375.228241 177.645248
375.731201 177.891632
376.234162 177.891632
376.737122 177.891632
377.240083 177.891632
377.743041 177.891632
378.246003 177.891632
378.748963 177.891632
379.251923 177.891632
379.754884 177.891632
380.257844 177.645248
380.760809 177.645248
381.263771 177.645248
381.766727 177.891632
382.269688 177.891632
382.772647 177.891632
383.275607 177.891632
383.779566 177.891632
384.282528 177.891632
384.785489 177.891632
385.288448 177.891632
385.791407 177.891632
386.294368 177.891632
386.797330 178.384400
387.300291 178.384400
387.803233 180.109086
388.306212 180.109086
388.809172 180.109086
389.312131 180.109086
389.815091 180.109086
390.318053 180.109086
390.821027 180.109086
391.323978 178.384400
391.826934 177.891632
392.329896 177.891632
392.832855 178.877167
393.335816 178.384400
393.838775 178.384400
394.341737 178.384400
394.844695 180.109086
395.347655 180.109086
395.850616 178.877167
396.353577 180.109086
396.856538 180.109086
397.359503 178.877167
397.862454 180.109086
398.365416 180.109086
398.868376 180.109086
399.371342 180.109086
399.874294 180.109086
400.377256 180.109086
400.880212 180.109086
401.383173 180.109086
401.886139 180.109086
402.389095 180.109086
402.892052 180.109086
403.395012 180.109086
403.897973 180.109086
404.400932 180.109086
404.903897 180.109086
405.406855 180.109086
405.909815 180.109086
406.412775 180.109086
406.915736 181.094622
407.418696 180.109086
407.921664 181.094622
408.424619 181.094622
408.927578 181.094622
409.430537 180.109086
409.933498 180.109086
410.436482 180.109086
410.939421 181.094622
411.442379 180.109086
411.945341 180.109086
412.448305 180.109086
412.951262 181.094622
413.454225 180.109086
413.957184 181.094622
414.460143 181.094622
414.963101 180.109086
415.466064 181.094622
415.969031 181.094622
416.471982 181.094622
416.974947 181.094622
417.477904 181.094622
417.980863 181.094622
418.483824 182.080157
418.986783 182.080157
419.489748 182.080157
419.992712 181.094622
420.495675 182.080157
420.998635 182.080157
421.501595 181.094622
422.004552 182.080157
422.507519 181.094622
423.010480 181.094622
423.513441 182.080157
424.016400 182.080157
424.519360 182.080157
425.022320 182.080157
425.525282 182.080157
426.028239 182.080157
426.531203 182.080157
427.034162 182.080157
427.537175 182.080157
428.040084 182.080157
428.543047 182.080157
429.046005 182.080157
429.548968 182.080157
430.051924 182.080157
430.554885 182.080157
431.057850 182.080157
431.560810 182.080157
432.063766 182.080157
432.566731 182.080157
433.069688 182.080157
433.572648 182.080157
434.075608 182.080157
434.578568 182.080157
435.081529 182.080157
435.584488 182.080157
436.087449 182.080157
436.590410 182.080157
437.093371 182.080157
437.596329 182.080157
438.099290 182.326540
438.602254 182.080157
439.105205 182.080157
439.608169 182.080157
440.111121 182.080157
440.614072 182.326540
441.117053 182.080157
441.620007 182.080157
442.122962 182.080157
442.625924 182.080157
443.128882 182.080157
443.631848 182.819308
444.134804 182.819308
444.637767 182.819308
445.140726 182.326540
445.643688 182.326540
446.146649 182.326540
446.649615 182.326540
447.152570 182.080157
447.655529 182.326540
448.158487 182.080157
448.661448 182.326540
449.164407 182.326540
449.667372 182.819308
450.170329 182.326540
450.673294 182.819308
451.176249 182.819308
451.679211 182.819308
452.182170 182.819308
452.685136 182.819308
453.188090 182.819308
453.691051 183.558459
454.194013 183.558459
454.696981 183.804843
455.199932 183.804843
455.702895 183.804843
456.205856 183.804843
456.708815 183.804843
457.211774 183.804843
457.714739 183.804843
458.217048 183.804843
458.720659 183.804843
459.223616 183.804843
459.726579 183.804843
460.230069 183.804843
460.733500 183.804843
461.236457 183.804843
461.739420 183.804843
462.242377 183.804843
462.745339 183.804843
463.248298 183.804843
463.751259 183.804843
464.254223 183.804843
464.757183 183.804843
465.260140 183.804843
465.763101 183.804843
466.266061 183.804843
466.769032 183.804843
467.271981 183.804843
467.774945 183.804843
468.277904 183.804843
468.780863 183.804843
469.283823 183.804843
469.786789 183.804843
470.289750 185.036762
470.792714 186.022297
471.295668 185.036762
471.798627 186.022297
472.301593 185.036762
472.804548 185.036762
473.307506 185.036762
473.810512 183.804843
474.313497 185.036762
474.816393 185.036762
475.319348 185.036762
475.822310 185.036762
476.325270 185.036762
476.828220 185.036762
477.331205 186.022297
477.834154 186.022297
478.337136 186.022297
478.840083 186.022297
479.343039 185.529530
479.846009 185.036762
480.348964 186.022297
480.851928 185.036762
481.354889 185.036762
481.858845 183.804843
482.361805 185.036762
482.864764 185.036762
483.367725 185.036762
483.870684 186.022297
484.373647 186.022297
484.876606 185.036762
485.379572 186.022297
485.882528 185.036762
486.385490 185.036762
486.888448 185.036762
487.391408 185.529530
487.894368 186.022297
488.397329 186.022297
488.900289 186.022297
489.404250 185.529530
489.907210 186.022297
490.410171 186.022297
490.913132 186.022297
491.416092 186.022297
491.919055 185.529530
492.422019 185.036762
492.924981 185.036762
493.427933 186.022297
493.929895 186.022297
494.432853 186.022297
494.935812 186.022297
495.438775 186.022297
495.941735 186.022297
496.444695 186.022297
496.947655 186.022297
497.450616 186.022297
497.953576 186.022297
498.456537 186.022297
498.959499 186.022297
499.462459 186.022297
499.965420 186.022297
500.468383 186.022297
500.971340 186.022297
501.474372 186.022297
501.977262 186.022297
502.480217 186.022297
502.983172 186.022297
503.486121 186.022297
503.989103 186.022297
504.492055 186.022297
504.995012 186.022297
505.497974 186.022297
506.000938 186.022297
506.503899 186.022297
507.006858 186.022297
507.509815 186.022297
508.012772 186.022297
508.515734 186.022297
509.018694 186.022297
509.521660 186.268681
510.024615 186.022297
510.527578 186.268681
511.030536 186.268681
511.533496 187.993368
512.036460 187.993368
512.539422 186.268681
513.042379 186.268681
513.545338 187.993368
514.048297 187.993368
514.551260 189.964438
515.054220 189.964438
515.557183 189.964438
516.060140 187.993368
516.563103 189.964438
517.066065 189.964438
517.569031 189.964438
518.071981 189.964438
518.574944 187.993368
519.077903 189.964438
519.580864 187.993368
520.083824 187.993368
520.586785 187.993368
521.089745 187.993368
521.592707 187.993368
522.095665 187.993368
522.598624 187.993368
523.101586 189.964438
523.604546 189.964438
524.107507 189.964438
524.610469 187.993368
525.113428 187.993368
525.616388 187.993368
526.119347 187.993368
526.622310 187.993368
527.125269 189.964438
527.628232 189.964438
528.131189 189.964438
528.634150 189.964438
529.137111 189.964438
529.640069 189.964438
530.143043 189.964438
530.646000 189.964438
531.148952 189.964438
531.651914 189.964438
532.154893 189.964438
532.657836 189.964438
533.160794 189.964438
533.663757 189.964438
534.166715 189.964438
534.669675 189.964438
535.172635 189.964438
535.675596 189.964438
536.178556 189.964438
536.681521 189.964438
537.184478 189.964438
537.687439 189.964438
538.190398 189.964438
538.693362 189.964438
539.196321 189.964438
539.699282 189.964438
540.202240 189.964438
540.705202 189.964438
541.208159 189.964438
541.711119 189.964438
542.214081 189.964438
542.717044 189.964438
543.220000 189.964438
543.722962 189.964438
544.225922 189.964438
544.728886 189.964438
545.231847 187.993368
545.734806 189.964438
546.237766 189.964438
546.740726 189.964438
547.243683 189.964438
547.745646 189.964438
548.248605 189.964438
548.751568 189.964438
549.254525 189.964438
549.757490 189.964438
550.260449 189.964438
550.763409 189.964438
551.266366 189.964438
551.769333 189.964438
552.272289 189.964438
552.775254 189.964438
553.278209 189.964438
553.781170 189.964438
554.284130 189.964438
554.787092 189.964438
555.290052 189.964438
555.793023 186.022297
556.295971 186.268681
556.798934 189.964438
557.301893 191.689125
557.804857 190.210822
558.307813 187.993368
558.810774 187.993368
559.313734 189.964438
559.816694 191.689125
560.319655 191.689125
560.822623 189.964438
561.325579 186.022297
561.828537 186.022297
562.331497 189.964438
562.834456 191.689125
563.337428 191.689125
563.840385 189.964438
564.343374 187.993368
564.846310 189.964438
565.349266 190.703589
565.852206 191.689125
566.355194 189.964438
566.858149 186.022297
567.361102 186.268681
567.864063 189.964438
568.367021 191.689125
568.870229 191.689125
569.373950 189.964438
569.876910 187.993368
570.379875 189.964438
570.882835 191.689125
571.386794 191.689125
571.889756 189.964438
572.392715 187.993368
572.895675 189.964438
573.398635 191.689125
573.901597 191.689125
574.404556 189.964438
574.907522 187.993368
575.410544 187.993368
575.913439 189.964438
576.416398 191.689125
576.919359 191.689125
577.422319 189.964438
577.925318 186.268681
578.428241 187.993368
578.931200 189.964438
579.434160 193.413811
579.937122 192.921044
580.440081 189.964438
580.943044 187.993368
581.446008 189.964438
581.948963 190.703589
582.451924 192.921044
582.954888 189.964438
583.457055 189.964438
583.960805 189.964438
584.463765 189.964438
584.966725 192.921044
585.469689 190.210822
585.972645 189.964438
586.475648 189.964438
586.978568 189.964438
587.481531 189.964438
587.984487 190.210822
588.487452 190.703589
588.990409 190.210822
589.493373 189.964438
589.996333 189.964438
590.499290 189.964438
591.002254 190.210822
591.505216 189.964438
592.008171 190.703589
592.511135 189.964438
593.014091 189.964438
593.517094 189.964438
594.020012 189.964438
594.522972 189.964438
595.025936 189.964438
595.528892 190.210822
596.031855 189.964438
596.534815 190.210822
597.037810 190.210822
597.540739 190.703589
598.043695 190.703589
598.546660 190.210822
599.049617 190.210822
599.552576 189.964438
600.057524 189.964438
600.562484 189.964438
601.066445 189.964438
601.571409 189.964438
602.076365 189.964438
602.581326 189.964438
603.086285 189.964438
603.591247 189.964438
604.096206 189.964438
604.601167 189.964438
605.106128 190.210822
605.611092 190.703589
606.116046 191.689125
606.621015 190.703589
607.125985 189.964438
607.630932 190.210822
608.135888 190.210822
608.640847 189.964438
609.145809 189.964438
609.650781 190.210822
610.155732 189.964438
610.660688 189.964438
611.165648 190.210822
611.670618 190.210822
612.175568 189.964438
612.680527 189.964438
613.185488 189.964438
613.690447 189.964438
614.195407 190.210822
614.700368 190.210822
615.205328 190.210822
615.710294 189.964438
616.215249 190.703589
616.720209 189.964438
617.225174 189.964438
617.730130 189.964438
618.235089 189.964438
618.740052 189.964438
619.245019 189.964438
619.749971 189.964438
620.254931 189.964438
620.759893 189.964438
621.264851 189.964438
621.769812 189.964438
622.274777 187.993368
622.779731 186.268681
623.284692 186.268681
623.789658 186.022297
624.294613 186.022297
624.799572 185.036762
625.304533 186.022297
625.809495 183.804843
626.314454 183.804843
626.819415 183.804843
627.324375 182.819308
627.829338 182.819308
628.334298 182.819308
628.839256 182.080157
629.344217 182.080157
629.849179 182.080157
630.354138 181.094622
630.859466 181.094622
631.365059 180.109086
631.870019 180.109086
632.374978 180.109086
632.879936 180.109086
633.384899 177.891632
633.889860 177.645248
634.394818 177.645248
634.899778 177.152481
635.404739 175.920562
635.909701 175.920562
636.414663 175.920562
636.919619 175.920562
637.424579 174.935027
637.929544 174.935027
638.434500 174.442259
638.939460 174.195875
639.444421 174.195875
639.949382 174.195875
640.454341 172.224805
640.959301 172.224805
641.464265 172.224805
641.969222 172.224805
642.474182 170.500118
642.979142 170.253735
643.484102 170.253735
643.989063 170.253735
644.494023 168.036281
644.998984 169.268200
645.503943 168.036281
646.008903 168.036281
646.513868 167.050745
647.018824 166.065210
647.523784 166.065210
648.028748 166.065210
648.533705 165.818826
649.038665 166.065210
649.543627 165.818826
650.048588 165.326059
650.553548 164.340524
651.058506 164.340524
651.563468 164.340524
652.068426 164.340524
652.573389 162.615837
653.078352 162.123070
653.583307 162.123070
654.088250 162.123070
654.593211 161.876686
655.098189 161.383918
655.603153 160.151999
656.108108 160.151999
656.613072 159.166464
657.118029 158.180929
657.622990 158.180929
658.127950 158.180929
658.632921 157.934545
659.137888 157.934545
659.642831 157.441778
660.147790 156.456242
660.652755 156.456242
661.157705 156.456242
661.662672 156.456242
662.167631 155.224323
662.672591 154.485172
663.177554 154.485172
663.682504 154.485172
664.187473 154.485172
664.692433 153.992404
665.197394 153.499637
665.702354 152.267718
666.207313 153.499637
666.712274 152.267718
667.217239 152.021334
667.722193 152.021334
668.227154 150.789415
668.732119 150.543031
669.237076 150.543031
669.742021 150.543031
670.247001 150.543031
670.751954 150.543031
671.256901 149.557496
671.761878 148.571961
672.266835 148.571961
672.771794 148.571961
673.276754 148.571961
673.781715 148.571961
674.286675 148.571961
674.791636 146.354507
675.296601 146.354507
675.801556 146.108123
676.306516 146.108123
676.811482 145.615356
677.316437 144.383437
677.821399 144.383437
678.326357 144.383437
678.831317 144.137053
679.336278 143.397901
679.841241 144.137053
680.346251 143.397901
680.851163 143.397901
681.356120 142.412366
681.861086 142.412366
682.366040 142.412366
682.871001 142.165982
683.375961 141.673215
683.880925 141.673215
684.385899 140.687680
684.890842 140.687680
685.395827 140.687680
685.900762 140.687680
686.405724 140.687680
686.910696 139.455761
687.415642 138.716609
687.920610 138.716609
688.425566 138.716609
688.930524 138.716609
689.435484 138.223842
689.940445 138.716609
690.445405 138.716609
690.950364 137.731074
691.455323 137.731074
691.960289 137.731074
692.465244 136.499155
692.970205 136.499155
693.475170 136.499155
693.980124 136.499155
694.485085 136.499155
694.990050 136.499155
695.495006 135.513620
695.999965 134.528085
696.504925 134.528085
697.009888 134.528085
697.514865 134.281701
698.019806 134.281701
698.524767 133.788934
699.029726 132.803398
699.534689 132.803398
700.039648 132.803398
700.544608 132.803398
701.049569 132.803398
701.554527 131.078712
702.059488 131.078712
702.564447 130.585944
703.069410 130.585944
703.574369 130.585944
704.079329 130.585944
704.584291 130.585944
705.089251 130.339560
705.594210 130.585944
706.099176 129.846793
706.604130 128.614874
707.109091 128.614874
707.614051 128.614874
708.119012 128.614874
708.624007 128.614874
709.128931 128.614874
709.633893 127.629339
710.138852 127.629339
710.643812 127.629339
711.148773 127.136571
711.653733 126.890187
712.158694 127.136571
712.663654 126.890187
713.168613 126.643804
713.673574 126.397420
714.178540 126.397420
714.683494 125.904652
715.188454 125.904652
715.693415 125.904652
716.198381 124.919117
716.703335 124.919117
717.208295 124.919117
717.713262 124.919117
718.218216 124.919117
718.723175 124.919117
719.228182 124.919117
719.733097 122.948047
720.238056 122.948047
720.743017 122.948047
721.247978 122.948047
721.752937 122.455279
722.257898 122.948047
722.762860 122.948047
723.267818 122.455279
723.772801 119.005906
724.277741 122.948047
724.782711 121.962512
725.287663 120.730593
725.792628 120.730593
726.297583 120.730593
726.801544 120.730593
727.306501 120.730593
727.811461 120.730593
728.316427 119.745057
728.821383 119.745057
729.326342 119.745057
729.831306 119.252290
730.336264 119.005906
730.841223 119.005906
731.346182 119.005906
731.851147 119.005906
732.356103 119.005906
732.861064 119.005906
733.366028 118.020371
733.870985 118.020371
734.375944 119.005906
734.880909 118.020371
735.385866 117.034836
735.890825 118.020371
736.395785 117.034836
736.900747 117.034836
737.405707 117.034836
737.910666 117.034836
738.415626 117.034836
738.920586 117.034836
739.425547 115.802917
739.930506 114.817382
740.435472 114.817382
740.939428 114.817382
741.444387 114.817382
741.949349 114.817382
742.454309 114.817382
742.959268 114.817382
743.464230 114.570998
743.969192 114.570998
744.474151 114.570998
744.979111 114.078230
745.484071 114.078230
745.989033 112.846311
746.493992 112.846311
746.998952 112.846311
747.503912 112.846311
748.008872 112.846311
748.513895 112.846311
749.018793 112.846311
749.523752 112.846311
750.028712 111.860776
750.533675 111.860776
751.038633 111.860776
751.543594 111.368008
752.048553 111.121625
752.553515 111.121625
753.058474 111.121625
753.563433 111.121625
754.068397 111.121625
754.573355 111.121625
755.078314 111.121625
755.583274 111.121625
756.088234 111.121625
756.593196 111.121625
757.098156 111.121625
757.603119 111.121625
758.108075 110.136090
758.613038 110.136090
759.118003 110.136090
759.623955 109.150554
760.128917 109.150554
760.633878 110.136090
761.138842 109.150554
761.643797 107.918635
762.148757 109.150554
762.653706 109.150554
763.158679 107.425868
763.663638 107.425868
764.168597 107.425868
764.673560 107.179484
765.178519 107.179484
765.683479 107.179484
766.188440 107.179484
766.693400 107.179484
767.198362 107.179484
767.703321 106.686716
768.208280 106.193949
768.713041 107.179484
769.218205 107.179484
769.723160 104.962030
770.228123 107.179484
770.733083 106.686716
771.238042 104.962030
771.743001 104.962030
772.247963 104.962030
772.752923 104.962030
773.257883 104.962030
773.762843 104.962030
774.267808 104.962030
774.772763 103.976495
775.277724 103.976495
775.782683 103.976495
776.287645 103.976495
776.792604 103.976495
777.297565 102.990960
777.802528 102.990960
778.307485 102.990960
778.812445 102.990960
779.317410 102.990960
779.822366 102.744576
780.327326 102.990960
780.832287 102.744576
781.337247 102.744576
781.842206 102.744576
782.347168 102.744576
782.852127 102.251808
783.357088 102.251808
783.862047 102.744576
784.367009 102.251808
784.871967 102.251808
785.376928 102.251808
785.881891 102.251808
786.386849 101.266273
786.891808 101.266273
787.396772 101.266273
787.901729 99.541586
788.406689 100.034354
788.911654 101.266273
789.416610 101.266273
789.921572 99.541586
790.426531 101.266273
790.931491 100.034354
791.436451 99.541586
791.941412 99.541586
792.446376 99.048819
792.951331 99.048819
793.456292 99.048819
793.961257 99.048819
794.466213 99.048819
794.971173 99.048819
795.476133 99.048819
795.981094 99.048819
796.486052 98.802435
796.991014 98.309668
797.495978 98.309668
798.000934 98.309668
798.505895 97.077749
799.010859 97.077749
799.515814 98.309668
800.020774 97.077749
800.525737 97.077749
801.030696 97.077749
801.535655 96.831365
802.040616 96.831365
802.545581 97.077749
803.050536 97.077749
803.555497 97.077749
804.060462 97.077749
804.565418 97.077749
805.070377 96.092213
805.575337 96.092213
806.080298 96.092213
806.585259 95.599446
807.090218 95.599446
807.595183 95.353062
808.100139 95.353062
808.605100 95.353062
809.110064 95.599446
809.615020 95.353062
810.119979 95.353062
810.624939 95.353062
811.129901 95.353062
811.634861 95.353062
812.139820 95.353062
812.644786 95.353062
813.149741 95.353062
813.654700 95.353062
814.159661 95.353062
814.664622 95.353062
815.169582 95.353062
815.674543 93.381992
816.179502 95.353062
816.684462 93.381992
817.189424 93.381992
817.694383 95.353062
818.199343 93.381992
818.704303 93.381992
819.209266 93.381992
819.714224 93.381992
820.219184 93.381992
820.724144 93.381992
821.229106 93.381992
821.734066 92.150073
822.239025 93.381992
822.743986 93.381992
823.248946 91.657305
823.753920 91.657305
824.258868 91.657305
824.762835 91.410921
825.267789 91.410921
825.772748 91.410921
826.277713 91.410921
826.782667 91.410921
827.287629 90.425386
827.792588 91.410921
828.297548 91.410921
828.802507 91.410921
829.307469 90.425386
829.812427 91.410921
830.317389 90.425386
830.822354 90.425386
831.327308 90.425386
831.832269 90.425386
832.337230 89.193467
832.842189 89.193467
833.347149 89.193467
833.852110 89.193467
834.357071 89.193467
834.862030 89.193467
835.366991 89.193467
835.871956 89.193467
836.376911 89.193467
836.881873 89.193467
837.386832 89.193467
837.891792 88.947083
838.396751 89.193467
838.901713 88.207932
839.406675 88.207932
839.911633 88.207932
840.416593 89.193467
840.921554 88.207932
841.426513 87.715164
841.931473 88.207932
842.436433 87.715164
842.941395 87.715164
843.446353 88.207932
843.951313 87.468781
844.456276 87.468781
844.961235 89.193467
845.466195 87.468781
845.971160 87.468781
846.476115 87.468781
846.981077 87.468781
847.486041 87.468781
847.990996 86.483246
848.495956 87.468781
849.000922 87.468781
849.505877 86.483246
850.010837 86.483246
850.515797 86.483246
851.020758 85.497710
851.525719 86.483246
852.030678 86.483246
852.535642 85.497710
853.040598 86.483246
853.545559 86.483246
854.050524 86.483246
854.555479 85.497710
855.060439 85.497710
855.565399 86.483246
856.070360 85.497710
856.575320 85.497710
857.080280 85.497710
857.585247 85.497710
858.090202 85.497710
858.595161 85.497710
859.100126 85.497710
859.605070 85.497710
860.110044 85.497710
860.615003 85.497710
861.119962 83.773024
861.624921 85.497710
862.129884 84.265791
862.634843 84.265791
863.139803 83.773024
863.644764 84.265791
864.149796 84.265791
864.654690 83.280256
865.159645 83.280256
865.664604 83.773024
866.169565 83.280256
866.673529 83.280256
867.178486 83.280256
867.683445 83.033872
868.188405 83.033872
868.693367 83.280256
869.198326 83.280256
869.703286 82.541105
870.208248 82.541105
870.713209 82.541105
871.218170 81.309186
871.723129 82.541105
872.228101 82.541105
872.733051 82.541105
873.238012 82.541105
873.742972 81.309186
874.247932 81.309186
874.752892 81.309186
875.257853 81.309186
875.762810 81.309186
876.267777 81.309186
876.772731 81.309186
877.277698 81.309186
877.782656 81.309186
878.287612 81.309186
878.792573 81.309186
879.297535 81.309186
879.802494 79.338116
880.307455 80.323651
880.811414 80.323651
881.316374 79.830883
881.821341 79.338116
882.326295 79.830883
882.831255 80.323651
883.336217 79.338116
883.841188 79.338116
884.346136 80.323651
884.851095 79.338116
885.356055 79.338116
885.861023 79.338116
886.365982 79.338116
886.870960 79.338116
887.375896 79.338116
887.880851 79.338116
888.385811 79.338116
888.890769 79.338116
889.395738 79.338116
889.900710 79.091732
890.405670 79.091732
890.910607 79.091732
891.415606 79.091732
891.920545 79.091732
892.425515 79.091732
892.930461 79.091732
893.435420 78.598964
893.940379 78.598964
894.445358 78.598964
894.950304 78.598964
895.455261 78.598964
895.960237 77.613429
896.465182 77.613429
896.970143 77.613429
897.475111 77.613429
897.980105 78.598964
898.485023 77.613429
898.989991 77.613429
899.494944 77.613429
899.999903 77.613429
900.504886 77.613429
901.009824 77.613429
901.514783 77.613429
902.019743 77.613429
902.524703 77.613429
903.029663 77.613429
903.534623 77.613429
904.039597 77.613429
904.544544 74.656824
905.049504 75.888742
905.554463 75.888742
906.059424 75.888742
906.564391 75.888742
907.069346 75.642359
907.574306 75.642359
908.079266 75.888742
908.584225 75.888742
909.089188 75.642359
909.594147 75.642359
910.099112 75.642359
910.604069 71.453834
911.109029 75.642359
911.613990 75.642359
912.118949 75.642359
912.623908 75.642359
913.128869 75.642359
913.633832 75.642359
914.138791 74.656824
914.643750 75.642359
915.148710 74.656824
915.653671 75.642359
916.158631 74.656824
916.663590 75.642359
917.168550 74.656824
917.673511 74.656824
918.178471 73.424905
918.683430 73.424905
919.188395 73.424905
919.693352 73.424905
920.198315 73.424905
920.703277 73.424905
921.208223 73.424905
921.713193 73.424905
922.218144 73.424905
922.723122 73.424905
923.228112 73.424905
923.733035 73.424905
924.238057 73.178521
924.742955 73.424905
925.247920 72.439369
925.752876 73.424905
926.257837 73.424905
926.762796 73.424905
927.267756 72.439369
927.772724 73.424905
928.277678 73.424905
928.782638 72.439369
929.287596 72.439369
929.792556 72.439369
930.297517 72.439369
930.802476 72.439369
931.307438 71.946602
931.812399 71.946602
932.317360 71.946602
932.822319 71.453834
933.327279 71.453834
933.832243 71.453834
934.337199 71.453834
934.842143 71.453834
935.347132 71.453834
935.852078 71.453834
936.357039 71.453834
936.861999 71.453834
937.366958 71.453834
937.871918 71.453834
938.376879 71.453834
938.881840 71.453834
939.386799 71.453834
939.891760 71.207450
940.396719 71.453834
940.901682 71.453834
941.406641 70.714683
941.911599 70.714683
942.416560 71.453834
942.921521 71.207450
943.426480 70.714683
943.931440 71.207450
944.436402 70.714683
944.941362 70.714683
945.446321 70.714683
945.951283 70.714683
946.456243 70.714683
946.961205 70.714683
947.466164 70.714683
947.971125 70.714683
948.476084 69.729148
948.981045 67.511694
949.486009 70.714683
949.990966 69.729148
950.495924 69.729148
951.000933 69.729148
951.505847 69.729148
952.010819 69.729148
952.515772 69.729148
953.020726 69.729148
953.525693 69.729148
954.030645 69.729148
954.535607 69.729148
955.040566 69.729148
955.545527 69.729148
956.050486 69.729148
956.555448 69.729148
957.060408 69.729148
957.565374 69.729148
958.070379 69.729148
958.575296 69.729148
959.080251 69.729148
959.585211 69.729148
960.090169 68.004461
960.595136 68.497229
961.100090 68.004461
961.605051 68.004461
962.110015 68.004461
962.614971 68.004461
963.119930 68.004461
963.624892 67.511694
964.129853 67.511694
964.633814 67.511694
965.138771 67.511694
965.643734 67.511694
966.148694 67.511694
966.653655 67.511694
967.158616 67.511694
967.663575 67.511694
968.168537 67.511694
968.673498 67.265310
969.178459 67.265310
969.683415 67.511694
970.188376 67.265310
970.693338 67.265310
971.198296 67.511694
971.703261 67.511694
972.208221 67.265310
972.713179 67.265310
973.218137 67.265310
973.723098 66.772542
974.228058 67.265310
974.733029 67.265310
975.237978 67.265310
975.742939 66.772542
976.247899 66.772542
976.752858 66.772542
977.257820 65.540623
977.762780 65.540623
978.267733 66.772542
978.771699 65.540623
979.276663 65.540623
979.781621 65.540623
980.286581 65.540623
980.791539 65.540623
981.296499 65.540623
981.801460 65.540623
982.306420 65.540623
982.811379 65.540623
983.316340 65.540623
983.821301 65.540623
984.326261 65.540623
984.831220 65.540623
985.336181 65.540623
985.841141 65.294239
986.346101 65.540623
986.851062 65.540623
987.356021 65.540623
987.860991 63.569553
988.365943 64.555088
988.870902 65.540623
989.375863 64.555088
989.880823 65.540623
990.385787 63.569553
990.890746 63.569553
991.395703 63.569553
991.900664 63.569553
992.405627 63.569553
992.910586 63.569553
993.415544 65.294239
993.920504 63.569553
994.425471 63.569553
994.930426 63.569553
995.435385 63.569553
995.940346 63.569553
996.445307 63.569553
996.950266 63.569553
997.455227 63.569553
997.960203 63.569553
998.465160 63.569553
998.970095 63.569553
999.475074 63.569553
999.980029 63.569553
1000.485005 63.569553
1000.989960 63.569553
1001.494911 63.569553
1001.999871 63.569553
1002.504846 63.569553
1003.009808 63.569553
1003.514757 63.569553
1004.019712 63.569553
1004.524672 63.323169
1005.029634 63.569553
1005.534593 63.569553
1006.039553 63.569553
1006.544512 63.323169
1007.049474 63.569553
1007.554434 63.569553
1008.059394 63.323169
1008.564354 63.323169
1009.069320 63.323169
1009.574276 62.830402
1010.079235 62.830402
1010.584195 62.830402
1011.089156 62.830402
1011.594116 62.830402
1012.099075 62.830402
1012.604037 62.830402
1013.109010 62.830402
1013.613959 62.830402
1014.118917 62.830402
1014.623878 62.830402
1015.128838 62.830402
1015.633798 62.830402
1016.138758 61.844866
1016.643718 61.844866
1017.148678 61.844866
1017.653639 61.844866
1018.158600 61.844866
1018.663558 61.844866
1019.168519 61.844866
1019.673481 60.612947
1020.178444 61.844866
1020.682400 61.844866
1021.187361 61.844866
1021.692321 61.844866
1022.197281 61.844866
1022.702241 61.844866
1023.207201 61.844866
1023.712162 61.844866
1024.217123 61.844866
1024.722082 61.844866
1025.227042 61.844866
1025.732003 61.844866
1026.236963 61.844866
1026.741924 61.844866
1027.246883 61.844866
1027.751844 61.844866
1028.256803 61.844866
1028.761765 61.844866
1029.266724 61.844866
1029.771685 61.844866
1030.276644 61.844866
1030.781606 61.844866
1031.286565 61.844866
1031.791525 61.844866
1032.296486 60.612947
1032.801447 61.844866
1033.306406 60.120180
1033.811366 60.120180
1034.316327 60.612947
1034.821288 60.120180
1035.326252 60.612947
1035.831207 60.120180
1036.336167 60.120180
1036.841128 60.120180
1037.346088 59.873796
1037.851048 60.120180
1038.356008 59.873796
1038.860969 59.873796
1039.365930 59.873796
1039.870889 59.873796
1040.375850 59.873796
1040.880810 59.873796
1041.385772 59.873796
1041.890731 59.873796
1042.395690 59.873796
1042.900650 59.873796
1043.405612 59.873796
1043.910571 59.873796
1044.415532 59.873796
1044.920492 59.873796
1045.425452 58.888261
1045.930412 59.381028
1046.435372 59.873796
1046.940332 59.873796
1047.445293 58.888261
1047.950253 59.873796
1048.455213 59.381028
1048.960173 58.888261
1049.465134 59.381028
1049.970094 59.381028
1050.476053 58.888261
1050.981565 58.888261
1051.486975 58.888261
1051.991935 57.656342
1052.496911 58.888261
1053.001856 58.888261
1053.506825 57.656342
1054.011817 57.656342
1054.516740 57.656342
1055.021696 58.888261
1055.526656 57.656342
1056.031617 57.656342
1056.536577 57.656342
1057.041538 57.656342
1057.546497 57.656342
1058.051457 57.656342
1058.556417 57.656342
1059.061378 57.656342
1059.566339 57.409958
1060.071299 57.656342
1060.576259 57.656342
1061.081220 57.656342
1061.586179 57.656342
1062.091139 57.409958
1062.596100 57.656342
1063.101061 56.670807
1063.606020 57.656342
1064.110981 57.656342
1064.615980 57.656342
1065.120900 57.656342
1065.625862 56.670807
1066.130822 57.409958
1066.635781 57.656342
1067.140741 56.670807
1067.645703 56.670807
1068.150662 56.670807
1068.655622 57.409958
1069.160582 57.409958
1069.665543 56.670807
1070.170503 57.409958
1070.675464 56.670807
1071.180424 56.670807
1071.685384 56.670807
1072.190344 56.670807
1072.695304 56.178039
1073.200264 56.670807
1073.705226 56.178039
1074.210185 51.743131
1074.715145 55.931655
1075.220145 56.670807
1075.725066 56.178039
1076.230025 56.670807
1076.734986 56.670807
1077.239946 55.931655
1077.744907 56.178039
1078.249867 55.931655
1078.754827 56.178039
1079.259787 55.931655
1079.764748 56.178039
1080.269712 55.931655
1080.774669 56.178039
1081.279628 55.931655
1081.784589 55.931655
1082.289549 55.931655
1082.794509 55.931655
1083.299470 55.931655
1083.804429 55.931655
1084.309390 55.931655
1084.814350 55.931655
1085.319310 55.931655
1085.824310 55.931655
1086.329231 55.931655
1086.834191 55.931655
1087.339151 55.931655
1087.844111 55.931655
1088.349073 55.931655
1088.854032 55.931655
1089.358993 55.931655
1089.866957 55.931655
1090.370913 55.931655
1090.875873 55.931655
1091.380832 55.931655
1091.885795 55.931655
1092.390752 55.931655
1092.895712 55.931655
1093.400668 55.931655
1093.905635 55.931655
1094.410598 55.931655
1094.915552 55.931655
1095.420513 55.931655
1095.925473 54.946120
1096.430433 54.946120
1096.935393 55.931655
1097.440354 55.931655
1097.945314 54.946120
1098.450274 54.946120
1098.955234 55.931655
1099.460194 54.946120
1099.965155 54.946120
1100.470116 54.946120
1100.975075 54.946120
1101.480035 54.946120
1101.985007 54.946120
1102.489959 54.946120
1102.994917 54.946120
1103.499878 54.946120
1104.004841 54.946120
1104.509798 53.960585
1105.014758 54.946120
1105.519718 54.946120
1106.024678 54.946120
1106.529639 53.960585
1107.034598 53.960585
1107.539557 54.946120
1108.044518 53.960585
1108.549479 53.960585
1109.054439 53.960585
1109.559402 53.960585
1110.064358 53.960585
1110.569321 53.960585
1111.074280 53.960585
1111.579239 53.960585
1112.084200 53.960585
1112.589162 53.960585
1113.094120 53.960585
1113.599079 53.960585
1114.104040 53.960585
1114.609012 53.960585
1115.113962 53.960585
1115.618922 53.960585
1116.123882 53.960585
1116.628843 53.960585
1117.133803 53.960585
1117.638762 53.960585
1118.143721 53.960585
1118.648683 53.960585
1119.153644 53.960585
1119.658603 53.960585
1120.163564 53.960585
1120.668524 53.960585
1121.173487 53.960585
1121.678446 53.960585
1122.183406 53.960585
1122.688365 53.960585
1123.193328 53.960585
1123.698288 52.728666
1124.203247 52.728666
1124.709209 52.728666
1125.214168 52.235898
1125.719128 53.960585
1126.224089 52.728666
1126.729050 52.235898
1127.234010 52.235898
1127.738969 52.728666
1128.243930 52.235898
1128.748890 51.743131
1129.253854 52.235898
1129.758810 51.989515
1130.263770 52.235898
1130.768731 51.743131
1131.273692 51.743131
1131.778651 51.743131
1132.282612 51.743131
1132.787571 52.235898
1133.292532 51.743131
1133.797493 51.743131
1134.302453 51.743131
1134.807413 52.235898
1135.312372 51.743131
1135.817334 51.743131
1136.322294 52.235898
1136.827257 51.743131
1137.332214 51.743131
1137.837175 51.743131
1138.342134 51.743131
1138.847095 51.743131
1139.352055 51.743131
1139.857026 51.743131
1140.361976 51.743131
1140.866936 51.743131
1141.371896 51.496747
1141.876856 51.743131
1142.381819 51.496747
1142.886777 51.743131
1143.391737 51.743131
1143.896697 51.496747
1144.401663 51.496747
1144.906617 51.496747
1145.411577 51.496747
1145.916538 51.003980
1146.421499 51.496747
1146.926458 51.003980
1147.431418 51.003980
1147.936379 51.496747
1148.442339 51.496747
1148.947299 51.003980
1149.452259 51.496747
1149.957220 51.003980
1150.462179 51.003980
1150.967140 51.003980
1151.472101 51.003980
1151.977061 51.003980
1152.482022 51.003980
1152.986982 51.003980
1153.491940 51.003980
1153.996901 49.772061
1154.501864 49.772061
1155.006821 51.003980
1155.511786 49.772061
1156.016745 51.003980
1156.521704 51.003980
1157.026661 49.772061
1157.531623 49.772061
1158.036581 49.772061
1158.541543 51.003980
1159.046502 49.772061
1159.551463 49.772061
1160.056421 49.772061
1160.561384 49.772061
1161.066342 49.772061
1161.571303 51.003980
1162.076263 49.772061
1162.581224 49.772061
1163.086184 49.772061
1163.591145 49.772061
1164.096104 49.772061
1164.601066 49.772061
1165.106025 49.772061
1165.610985 49.772061
1166.115944 49.772061
1166.620906 49.772061
1167.125867 49.772061
1167.630829 49.772061
1168.135786 49.772061
1168.640747 49.772061
1169.145707 49.525677
1169.650667 49.772061
1170.155633 48.786525
1170.660595 48.786525
1171.165548 48.786525
1171.670509 49.525677
1172.175468 49.525677
1172.680430 49.772061
1173.185390 48.786525
1173.690360 49.772061
1174.194311 48.786525
1174.699271 48.786525
1175.204231 48.786525
1175.709192 49.525677
1176.214152 49.525677
1176.719112 48.786525
1177.224072 49.772061
1177.729034 49.525677
1178.233994 48.786525
1178.738954 48.786525
1179.243913 48.786525
1179.748874 48.786525
1180.253835 48.786525
1180.758794 48.786525
1181.263755 48.786525
1181.768714 48.786525
1182.273676 49.772061
1182.778635 48.786525
1183.283595 48.786525
1183.788556 48.786525
1184.293517 48.786525
1184.798476 48.047374
1185.303435 48.293758
1185.808396 48.786525
1186.313358 48.293758
1186.818317 48.786525
1187.323277 52.235898
1187.828237 48.786525
1188.333198 48.293758
1188.838158 48.293758
1189.343118 48.293758
1189.848078 48.047374
1190.353040 48.047374
1190.857999 48.293758
1191.362959 48.293758
1191.867919 48.047374
1192.372880 48.047374
1192.877841 48.047374
1193.382800 48.293758
1193.887760 48.047374
1194.392720 48.047374
1194.897682 48.047374
1195.402641 48.047374
1195.907601 48.293758
1196.412561 48.047374
1196.917522 48.047374
1197.422481 48.047374
1197.927442 48.047374
1198.432402 48.047374
1198.937364 48.047374
1199.442322 48.047374
1199.947283 48.047374
