0.003827 28.336671
0.506749 28.336671
1.009707 28.336671
1.512675 27.843903
2.015630 28.336671
2.518590 28.336671
3.021550 27.843903
3.524558 28.336671
4.027475 27.843903
4.530434 27.843903
5.033393 28.336671
5.536352 28.336671
6.039312 28.336671
6.542271 27.843903
7.045231 28.336671
7.548201 28.336671
8.051151 27.351136
8.554118 28.336671
9.057073 28.336671
9.560031 28.336671
10.062979 28.336671
10.565935 27.843903
11.068889 28.336671
11.571853 27.843903
12.074809 28.336671
12.577769 28.336671
13.080734 27.843903
13.583693 28.336671
14.086651 27.843903
14.589615 28.336671
15.092600 28.336671
15.595562 28.336671
16.098521 28.336671
16.601477 28.336671
17.104435 28.336671
17.607426 28.336671
18.110363 28.336671
18.613317 28.336671
19.116266 28.336671
19.619223 28.336671
20.122177 28.336671
20.625165 28.583054
21.128123 28.336671
21.631074 28.336671
22.134046 28.336671
22.637006 28.583054
23.139967 28.583054
23.642928 28.336671
24.145888 28.583054
24.648848 28.583054
25.151326 29.075822
25.654775 29.075822
26.157729 30.307741
26.660689 30.307741
27.163652 30.307741
27.666611 30.307741
28.169570 30.307741
28.672531 30.307741
29.175500 30.307741
29.678447 30.307741
30.181419 30.307741
30.684373 30.307741
31.187331 31.293276
31.690295 31.293276
32.193250 31.293276
32.696211 31.293276
33.199173 31.293276
33.702138 31.293276
34.205092 31.293276
34.708058 31.786044
35.211009 31.786044
35.713976 31.786044
36.216929 32.032428
36.719894 32.032428
37.222854 32.032428
37.725812 32.032428
38.228777 32.032428
38.731734 32.032428
39.234693 32.032428
39.737653 32.032428
40.240619 32.032428
40.743574 32.032428
41.246534 32.032428
41.749539 33.017963
42.252473 33.017963
42.757414 33.017963
43.260371 33.017963
43.763342 34.003498
44.266305 34.003498
44.769261 34.003498
45.272224 34.003498
45.779185 34.003498
46.282136 34.003498
46.785099 34.003498
47.288064 35.235417
47.791021 35.235417
48.293978 35.235417
48.796942 35.235417
49.299902 35.728184
49.802863 35.235417
50.305820 35.728184
50.808782 35.728184
51.311742 35.974568
51.814746 35.974568
52.317662 35.974568
52.820624 35.974568
53.323585 35.974568
53.826542 36.467336
54.329503 36.467336
54.832465 38.192022
55.335425 38.192022
55.838385 38.192022
56.341345 38.192022
56.844305 38.192022
57.347278 38.192022
57.850229 38.192022
58.353189 38.192022
58.856149 38.192022
59.359111 38.192022
59.862074 38.192022
60.365036 38.192022
60.867997 39.177558
61.370956 39.177558
61.873917 39.177558
62.376883 39.177558
62.879839 39.177558
63.382799 39.177558
63.885758 39.670325
64.388724 39.916709
64.891680 39.916709
65.394640 39.670325
65.897607 39.670325
66.400559 39.916709
66.903521 39.916709
67.406477 39.916709
67.909418 39.916709
68.412377 39.916709
68.915337 39.916709
69.418305 39.916709
69.921263 40.409476
70.424215 40.409476
70.927176 40.902244
71.430137 40.902244
71.933101 40.902244
72.436056 40.902244
72.939020 40.902244
73.441980 41.641395
73.944939 41.887779
74.447927 41.887779
74.950882 41.887779
75.453849 41.887779
75.956806 41.887779
76.459764 41.887779
76.962723 41.887779
77.465683 41.887779
77.968649 43.119698
78.471321 43.119698
78.974566 43.119698
79.477529 43.119698
79.980492 43.119698
80.483451 43.612466
80.986413 44.105233
81.489368 44.105233
81.992326 44.105233
82.495295 43.119698
82.998249 44.105233
83.502282 44.105233
84.005175 44.105233
84.508135 44.105233
85.011095 44.105233
85.514056 44.105233
86.017016 44.105233
86.519978 44.105233
87.022936 44.105233
87.525897 44.105233
88.028856 44.105233
88.531819 44.351617
89.034774 44.351617
89.537739 44.844385
90.040697 44.351617
90.543660 44.844385
91.046619 46.076304
91.549580 46.076304
92.052535 46.076304
92.555496 46.076304
93.058458 46.076304
93.561419 46.076304
94.064373 46.076304
94.567338 46.076304
95.070300 46.076304
95.573258 46.076304
96.076215 46.076304
96.579183 46.076304
97.082145 47.061839
97.585103 47.061839
98.088066 47.061839
98.591027 47.061839
99.093981 47.061839
99.596943 47.061839
100.099903 48.047374
100.602863 47.061839
101.105822 48.047374
101.608800 48.047374
102.111750 48.047374
102.614716 48.047374
103.117668 48.047374
103.621628 48.047374
104.124591 48.047374
104.627548 48.047374
105.130510 48.047374
105.633469 48.047374
106.136428 48.047374
106.639386 48.047374
107.142343 48.047374
107.645296 48.047374
108.148272 48.047374
108.651230 48.047374
109.154184 48.047374
109.657146 48.293758
110.160105 48.293758
110.663065 48.293758
111.166029 48.293758
111.668991 48.786525
112.171951 48.786525
112.674921 48.786525
113.177873 48.786525
113.680834 48.786525
114.183317 48.786525
114.686758 48.786525
115.189717 48.786525
115.692678 48.786525
116.195637 49.772061
116.698594 49.772061
117.201551 49.772061
117.704516 49.772061
118.207472 49.772061
118.710432 49.772061
119.213402 49.772061
119.716373 49.772061
120.219323 49.772061
120.722282 49.772061
121.225241 49.772061
121.728201 49.772061
122.231158 49.772061
122.734118 49.772061
123.237078 49.772061
123.740044 51.003980
124.243011 51.003980
124.745961 51.003980
125.248932 51.003980
125.751880 51.003980
126.254846 51.003980
126.757807 51.496747
127.260765 51.496747
127.763728 51.496747
128.266685 51.743131
128.769644 51.496747
129.272629 51.496747
129.775569 51.743131
130.278529 51.496747
130.781488 51.743131
131.284469 51.743131
131.787412 51.743131
132.290372 51.743131
132.793335 51.743131
133.296292 51.743131
133.799255 51.743131
134.302207 51.743131
134.805167 51.743131
135.308127 51.743131
135.811090 51.743131
136.314046 52.235898
136.817026 52.235898
137.319973 52.728666
137.822930 52.728666
138.325901 52.235898
138.828853 52.235898
139.331811 52.728666
139.834777 53.960585
140.337738 52.728666
140.840704 53.960585
141.343660 53.960585
141.846619 53.960585
142.349579 53.960585
142.852540 53.960585
143.355502 53.960585
143.858461 53.960585
144.361445 53.960585
144.864382 53.960585
145.367342 53.960585
145.870303 53.960585
146.373263 53.960585
146.876224 53.960585
147.379183 53.960585
147.882144 53.960585
148.385104 53.960585
148.888066 53.960585
149.391026 54.946120
149.893984 54.946120
150.396946 54.946120
150.899907 54.946120
151.402866 54.946120
151.905827 54.946120
152.408788 54.946120
152.911749 54.946120
153.414708 54.946120
153.917669 54.946120
154.420631 54.946120
154.923591 54.946120
155.426550 54.946120
155.929511 55.931655
156.432471 55.931655
156.935431 55.931655
157.438391 55.931655
157.941351 55.931655
158.444318 55.931655
158.947284 55.931655
159.450233 55.931655
159.953194 55.931655
160.456154 55.931655
160.959115 55.931655
161.462074 55.931655
161.965034 55.931655
162.467996 55.931655
162.970955 55.931655
163.473917 55.931655
163.976876 55.931655
164.479837 55.931655
164.982797 55.931655
165.485758 55.931655
165.988718 55.931655
166.491679 55.931655
166.995639 55.931655
167.498594 56.178039
168.001559 55.931655
168.504519 56.670807
169.007479 56.670807
169.510440 56.670807
170.013388 56.178039
170.516350 56.670807
171.019337 56.670807
171.522307 56.670807
172.025266 56.670807
172.528204 56.670807
173.031162 56.670807
173.534123 56.670807
174.037082 56.670807
174.540041 56.670807
175.043001 57.409958
175.545969 56.670807
176.048919 57.409958
176.551882 57.409958
177.054844 57.409958
177.557805 57.656342
178.060764 56.670807
178.563722 57.656342
179.066679 57.656342
179.569638 57.656342
180.072597 57.656342
180.575558 57.656342
181.078525 57.656342
181.581490 57.656342
182.084447 57.656342
182.587409 57.656342
183.090366 57.656342
183.593326 57.656342
184.096290 57.656342
184.599264 57.656342
185.102210 57.656342
185.605164 57.656342
186.108128 57.656342
186.611086 58.888261
187.114049 58.888261
187.617015 58.888261
188.119969 58.888261
188.622932 57.656342
189.125887 58.888261
189.628853 58.888261
190.131812 59.873796
190.634797 59.873796
191.137735 59.873796
191.640692 59.873796
192.143659 59.873796
192.646618 59.873796
193.149579 59.873796
193.652539 59.873796
194.155501 59.873796
194.658457 59.873796
195.161424 59.873796
195.664375 59.873796
196.167338 59.873796
196.670302 59.873796
197.173238 59.873796
197.676223 59.873796
198.179171 59.873796
198.682128 59.873796
199.185104 59.873796
199.688065 59.873796
200.191022 59.873796
200.693982 59.873796
201.198122 59.873796
201.701907 59.873796
202.204860 59.873796
202.707821 60.120180
203.210776 60.120180
203.713737 60.120180
204.216706 59.873796
204.719663 59.873796
205.222624 60.120180
205.725589 60.612947
206.228547 61.844866
206.731504 60.120180
207.234461 60.120180
207.737422 60.612947
208.240385 60.120180
208.748354 60.612947
209.251313 61.844866
209.754265 61.844866
210.257221 61.844866
210.763180 60.612947
211.266149 61.844866
211.769104 61.844866
212.272061 61.844866
212.775024 61.844866
213.277983 61.844866
213.780955 61.844866
214.283906 61.844866
214.786865 61.844866
215.289825 61.844866
215.792796 61.844866
216.295756 61.844866
216.798711 61.844866
217.301668 61.844866
217.804627 61.844866
218.307587 61.844866
218.810542 61.844866
219.313516 61.844866
219.816479 61.844866
220.319440 61.844866
220.823362 61.844866
221.326361 61.844866
221.829314 62.830402
222.332280 62.830402
222.835239 62.830402
223.338195 61.844866
223.841157 62.830402
224.344113 62.830402
224.847083 62.830402
225.350037 62.830402
225.853003 62.830402
226.355962 62.830402
226.858922 62.830402
227.361875 62.830402
227.864849 62.830402
228.367799 62.830402
228.870762 63.323169
229.373725 62.830402
229.876679 63.323169
230.379638 62.830402
230.882605 62.830402
231.385562 63.323169
231.888523 63.323169
232.391483 63.323169
232.894448 63.323169
233.397403 63.323169
233.900360 63.323169
234.403319 63.569553
234.906287 63.569553
235.409249 63.569553
235.913210 63.323169
236.416170 63.569553
236.919167 63.569553
237.422086 63.569553
237.925049 63.569553
238.428014 63.569553
238.930967 63.569553
239.433926 63.569553
239.936885 63.569553
240.439844 63.569553
240.942811 63.569553
241.445788 63.569553
241.948725 63.569553
242.451714 63.569553
242.954654 63.569553
243.457612 63.569553
243.960597 63.569553
244.463529 63.569553
244.966499 63.569553
245.469460 63.569553
245.972420 63.569553
246.475381 63.569553
246.978341 63.569553
247.481300 63.569553
247.984262 63.569553
248.487222 63.569553
248.990182 63.569553
249.493142 63.569553
249.997103 63.569553
250.500063 63.569553
251.003023 63.569553
251.505983 63.569553
252.008944 63.569553
252.511905 63.569553
253.014865 63.569553
253.517826 63.569553
254.020786 63.569553
254.523748 63.569553
255.026706 63.569553
255.529667 63.569553
256.032628 63.569553
256.535328 63.569553
257.038548 63.569553
257.541508 65.294239
258.044469 65.294239
258.547430 64.555088
259.050390 65.540623
259.553350 65.294239
260.056310 65.540623
260.559279 63.569553
261.062230 65.294239
261.565192 65.294239
262.068153 65.540623
262.571112 65.540623
263.074072 65.540623
263.577033 65.540623
264.079994 65.540623
264.582953 65.540623
265.085914 65.540623
265.588874 65.540623
266.091835 65.540623
266.594795 65.540623
267.097755 65.540623
267.600716 65.540623
268.103677 65.540623
268.606638 65.540623
269.109598 65.540623
269.612558 65.540623
270.115518 65.540623
270.618479 65.540623
271.121440 65.540623
271.624399 65.540623
272.127360 65.540623
272.631325 65.540623
273.134282 65.540623
273.637240 65.540623
274.140206 65.540623
274.643162 65.540623
275.146119 65.540623
275.649077 65.540623
276.152041 65.540623
276.655000 66.772542
277.157970 66.772542
277.660924 65.540623
278.163881 66.772542
278.666842 66.772542
279.169801 65.540623
279.672765 65.540623
280.175722 66.772542
280.678687 66.772542
281.181646 66.772542
281.684606 66.772542
282.187567 67.265310
282.690527 67.265310
283.193492 67.265310
283.696448 66.772542
284.199418 67.265310
284.702369 67.511694
285.205325 67.265310
285.708336 67.265310
286.211256 67.265310
286.714208 67.265310
287.217167 67.265310
287.720126 66.772542
288.223084 67.265310
288.726049 67.265310
289.229006 67.265310
289.731966 67.265310
290.234925 67.265310
290.737884 67.265310
291.240844 67.511694
291.743809 67.265310
292.246765 67.511694
292.749728 67.511694
293.252686 67.511694
293.755647 67.511694
294.258605 67.511694
294.761572 67.511694
295.264538 67.511694
295.767494 67.511694
296.270448 67.511694
296.773409 67.511694
297.276370 67.511694
297.779336 67.511694
298.282290 67.511694
298.785254 67.511694
299.288211 68.004461
299.791172 67.511694
300.294136 67.511694
300.797098 68.004461
301.300054 67.511694
301.803014 67.511694
302.305972 67.511694
302.808935 67.511694
303.311895 68.004461
303.814848 68.004461
304.317818 68.497229
304.820778 68.497229
305.323735 68.004461
305.826694 68.004461
306.329652 68.004461
306.832620 68.004461
307.335578 68.497229
307.838538 69.729148
308.341495 68.004461
308.844461 68.004461
309.347418 68.497229
309.850382 69.729148
310.353338 69.729148
310.856297 68.497229
311.359266 69.729148
311.862218 69.729148
312.365177 69.729148
312.868144 68.497229
313.371101 69.729148
313.874059 69.729148
314.377019 69.729148
314.879982 69.729148
315.382942 69.729148
315.885908 69.729148
316.388869 69.729148
316.891828 69.729148
317.394789 69.729148
317.897758 69.729148
318.400727 69.729148
318.903676 69.729148
319.406633 69.729148
319.909614 69.729148
320.412558 69.729148
320.915523 69.729148
321.418482 69.729148
321.921440 69.729148
322.424399 69.729148
322.927365 69.729148
323.430331 69.729148
323.933283 69.729148
324.436249 69.729148
324.939187 69.729148
325.442164 69.729148
325.945105 69.729148
326.448092 69.729148
326.951025 69.729148
327.454001 69.729148
327.956946 69.729148
328.459928 69.729148
328.962884 70.714683
329.465844 70.714683
329.968800 69.729148
330.471765 69.729148
330.974726 70.714683
331.477684 70.714683
331.980643 70.714683
332.487632 70.714683
332.990566 70.714683
333.493526 70.714683
333.996483 70.714683
334.499447 70.714683
335.002409 70.714683
335.505365 70.714683
336.008330 70.714683
336.511302 70.714683
337.014250 70.714683
337.517211 70.714683
338.020173 71.207450
338.523130 70.714683
339.026089 70.714683
339.529048 71.207450
340.032010 70.714683
340.534968 70.714683
341.037933 70.714683
341.540891 70.714683
342.043852 70.714683
342.546811 70.714683
343.049773 71.207450
343.552732 71.207450
344.055690 71.207450
344.558647 70.714683
345.061615 71.207450
345.564573 71.207450
346.067535 71.207450
346.570500 70.714683
347.073455 71.207450
347.576416 71.207450
348.079375 71.207450
348.582337 71.207450
349.085297 70.714683
349.588265 70.714683
350.091217 71.207450
350.594174 71.207450
351.097141 71.207450
351.600097 71.453834
352.103060 71.207450
352.606016 71.207450
353.108982 71.207450
353.611937 71.207450
354.114902 71.207450
354.617860 71.207450
355.120822 71.453834
355.623784 71.453834
356.126739 71.453834
356.629697 71.453834
357.132657 71.453834
357.635619 71.453834
358.138581 71.453834
358.641544 71.453834
359.144504 71.453834
359.647465 71.453834
360.150423 71.453834
360.653390 71.453834
361.156346 71.453834
361.659303 71.453834
362.162265 71.453834
362.665226 71.453834
363.168190 71.453834
363.671145 71.453834
364.174108 71.453834
364.677065 71.453834
365.180024 71.453834
365.682988 71.453834
366.185949 71.946602
366.688908 71.453834
367.191872 71.453834
367.694828 71.453834
368.197791 71.946602
368.700751 71.453834
369.203710 71.453834
369.706670 71.453834
370.209630 71.453834
370.712587 71.453834
371.215547 71.946602
371.718513 71.946602
372.221472 71.946602
372.724431 71.946602
373.227393 71.946602
373.730348 72.439369
374.233307 72.439369
374.736270 71.946602
375.239229 71.453834
375.742191 71.946602
376.245153 71.946602
376.748111 72.439369
377.251070 72.439369
377.754031 71.946602
378.256991 71.946602
378.759951 72.439369
379.262916 71.946602
379.765873 72.439369
380.268839 72.439369
380.771796 72.439369
381.274754 72.439369
381.777713 72.439369
382.280679 72.439369
382.783645 72.439369
383.286641 72.439369
383.789572 72.439369
384.292520 72.439369
384.795487 72.439369
385.298446 72.439369
385.801408 72.439369
386.304379 72.439369
386.807328 72.439369
387.310283 72.439369
387.821279 72.439369
388.324211 72.439369
388.827170 72.439369
389.330125 73.178521
389.834089 72.439369
390.337050 72.439369
390.840011 72.439369
391.342966 72.439369
391.845925 72.439369
392.348885 72.439369
392.851849 73.424905
393.354805 73.424905
393.857773 73.424905
394.360726 73.424905
394.863689 73.424905
395.366655 73.424905
395.869614 73.424905
396.372575 73.178521
396.875537 73.424905
397.378495 73.424905
397.882456 73.424905
398.385417 73.424905
398.888376 73.424905
399.391337 73.424905
399.894297 73.424905
400.397249 73.424905
400.900220 73.424905
401.403559 73.424905
401.907139 73.424905
402.410091 73.424905
402.913054 73.424905
403.416010 73.424905
403.918973 73.424905
404.421927 73.424905
404.924882 73.424905
405.427865 73.424905
405.930817 73.424905
406.433771 73.424905
406.936737 73.424905
407.439695 73.424905
407.942654 73.424905
408.445617 73.424905
408.948576 73.424905
409.451534 73.424905
409.954494 73.424905
410.457453 73.424905
410.960415 74.656824
411.463380 73.424905
411.966336 73.424905
412.469294 73.424905
412.972258 73.424905
413.475223 74.656824
413.978184 73.424905
414.481143 73.424905
414.984107 73.424905
415.487075 73.424905
415.990030 74.656824
416.492986 74.656824
416.995947 74.656824
417.498909 73.424905
418.001869 74.656824
418.504825 74.656824
419.007800 74.656824
419.510751 74.656824
420.013707 74.656824
420.516666 74.656824
421.019625 74.656824
421.522582 73.424905
422.025543 74.656824
422.528503 73.424905
423.031464 74.656824
423.534428 74.656824
424.037385 74.656824
424.540346 73.424905
425.043307 74.656824
425.546266 74.656824
426.049226 74.656824
426.552191 74.656824
427.055146 75.149591
427.558109 74.656824
428.061069 75.149591
428.564029 74.656824
429.066988 75.642359
429.569952 75.642359
430.072909 75.642359
430.575870 75.642359
431.078830 74.656824
431.581791 75.642359
432.084749 75.642359
432.587717 75.642359
433.090671 75.642359
433.593631 75.642359
434.096592 75.642359
434.599312 75.642359
435.102512 75.642359
435.605478 75.642359
436.108434 75.642359
436.611394 75.642359
437.114353 75.642359
437.617316 75.642359
438.120277 75.642359
438.623241 75.642359
439.126206 75.642359
439.629165 75.642359
440.132130 75.642359
440.635086 75.642359
441.138042 75.642359
441.641011 75.642359
442.143971 75.642359
442.646931 75.642359
443.149891 75.642359
443.652852 75.642359
444.155813 75.642359
444.658773 75.642359
445.161744 75.642359
445.664694 75.642359
446.167655 75.642359
446.670614 75.642359
447.173575 75.642359
447.676536 75.642359
448.179496 75.642359
448.682456 75.642359
449.185416 75.642359
449.688377 75.642359
450.191339 75.642359
450.694297 75.642359
451.197258 75.642359
451.700219 75.642359
452.203179 75.888742
452.706141 75.642359
453.209101 75.642359
453.712062 75.642359
454.215020 75.642359
454.717981 75.642359
455.220941 75.642359
455.723902 75.642359
456.226862 75.642359
456.729822 75.642359
457.232783 75.642359
457.735744 75.642359
458.238705 75.642359
458.741665 75.888742
459.244625 75.642359
459.747585 75.642359
460.250545 75.642359
460.753506 75.888742
461.256465 75.888742
461.759427 75.888742
462.262386 75.888742
462.765346 77.613429
463.268307 75.888742
463.771281 75.642359
464.274228 75.888742
464.777189 75.888742
465.280150 75.888742
465.783109 75.642359
466.286070 75.888742
466.789031 75.888742
467.291991 75.888742
467.794951 75.888742
468.297911 75.888742
468.800871 75.642359
469.303832 75.888742
469.806792 75.888742
470.309752 76.381510
470.812752 76.381510
471.315674 75.888742
471.818635 75.888742
472.321595 76.381510
472.824555 77.613429
473.327517 77.613429
473.830475 76.381510
474.333436 77.613429
474.836396 77.613429
475.339358 75.888742
475.842317 77.613429
476.345278 75.888742
476.848240 76.381510
477.351199 76.381510
477.854159 77.613429
478.357121 77.613429
478.860081 77.613429
479.363040 77.613429
479.866001 77.613429
480.368960 77.613429
480.871920 77.613429
481.374870 77.613429
481.877843 77.613429
482.380794 77.613429
482.883758 77.613429
483.386718 77.613429
483.889677 77.613429
484.392632 77.613429
484.895595 77.613429
485.398554 77.613429
485.901514 77.613429
486.404472 77.613429
486.907438 77.613429
487.410396 77.613429
487.913355 77.613429
488.416318 77.613429
488.919285 77.613429
489.422236 77.613429
489.925199 77.613429
490.428157 77.613429
490.931116 77.613429
491.434078 77.613429
491.937037 77.613429
492.439998 77.613429
492.942960 77.613429
493.445919 77.613429
493.948879 77.613429
494.451840 77.613429
494.954841 77.613429
495.457773 77.613429
495.961813 77.613429
496.464693 77.613429
496.967654 77.613429
497.470609 77.613429
497.973579 77.613429
498.476530 77.613429
498.979492 77.613429
499.482456 77.613429
499.986415 77.613429
500.489369 77.613429
500.992336 77.613429
501.495299 77.613429
501.998253 77.613429
502.501210 77.613429
503.004178 77.613429
503.507129 77.613429
504.010089 77.613429
504.513047 77.613429
505.016016 77.613429
505.518968 77.613429
506.021931 77.613429
506.524902 77.613429
507.027854 77.613429
507.530821 77.613429
508.033779 77.613429
508.536737 77.613429
509.039698 77.613429
509.542656 77.613429
510.045613 77.613429
510.548572 77.613429
511.051539 77.613429
511.554498 77.613429
512.057514 77.613429
512.560432 77.613429
513.063384 77.613429
513.566374 77.613429
514.069306 77.613429
514.572269 77.613429
515.075227 77.613429
515.578188 77.613429
516.081150 77.613429
516.584110 77.613429
517.087068 77.613429
517.590029 77.613429
518.092990 77.613429
518.595952 77.613429
519.098911 77.613429
519.601871 77.613429
520.104831 77.613429
520.607796 77.613429
521.110752 78.598964
521.613718 78.598964
522.116674 78.598964
522.619639 78.598964
523.122593 78.598964
523.625554 78.598964
524.127516 78.598964
524.630475 78.598964
525.133436 78.598964
525.636400 78.598964
526.139357 78.598964
526.642317 78.598964
527.145305 78.598964
527.648238 78.598964
528.151198 78.598964
528.654159 78.598964
529.157119 78.598964
529.660080 78.598964
530.163039 78.598964
530.666000 78.598964
531.168961 78.598964
531.671922 78.598964
532.174880 78.598964
532.677845 78.598964
533.180806 78.598964
533.683763 78.598964
534.186727 78.598964
534.689688 78.598964
535.192643 78.598964
535.695604 78.598964
536.198568 78.598964
536.701530 78.598964
537.204490 78.598964
537.707447 78.598964
538.210405 78.598964
538.713366 78.598964
539.216328 78.598964
539.719298 78.598964
540.222247 78.598964
540.725208 78.598964
541.228169 78.598964
541.731128 79.091732
542.234094 78.598964
542.737049 78.598964
543.240014 78.598964
543.742971 78.598964
544.245931 79.091732
544.748891 79.091732
545.251852 79.091732
545.754812 78.598964
546.257772 78.598964
546.760733 78.598964
547.263693 78.598964
547.766654 78.598964
548.269613 78.598964
548.772579 78.598964
549.275539 79.091732
549.778495 79.091732
550.281456 78.598964
550.784415 79.091732
551.287377 79.091732
551.790336 79.091732
552.293297 79.091732
552.796257 79.091732
553.299217 78.598964
553.802176 79.091732
554.305137 79.091732
554.808098 79.338116
555.311062 78.598964
555.814022 78.598964
556.316984 78.598964
556.819940 79.091732
557.322900 79.091732
557.825861 79.091732
558.328821 79.338116
558.831781 79.338116
559.334741 79.338116
559.837699 79.338116
560.340660 79.338116
560.843623 79.338116
561.346583 79.338116
561.849543 79.091732
562.352508 79.091732
562.855465 79.338116
563.358425 79.338116
563.861385 79.338116
564.364346 79.091732
564.867306 79.091732
565.370267 79.338116
565.873225 79.338116
566.376187 79.338116
566.879146 79.338116
567.382108 79.091732
567.885068 79.338116
568.388029 79.338116
568.890988 79.338116
569.393948 79.338116
569.896908 79.338116
570.399874 79.338116
570.906826 79.338116
571.409798 79.091732
571.912751 79.091732
572.415713 79.338116
572.918670 79.338116
573.421632 79.338116
573.924593 79.338116
574.427552 79.338116
574.930514 79.338116
575.433474 79.338116
575.936434 79.338116
576.439394 79.338116
576.942354 79.338116
577.445314 79.338116
577.948280 79.338116
578.451236 79.338116
578.954196 79.338116
579.457156 79.338116
579.960117 79.338116
580.463076 79.338116
580.966036 79.338116
581.468997 79.338116
581.971958 79.338116
582.474919 79.338116
582.977878 79.338116
583.480838 79.338116
583.983799 79.338116
584.486758 79.338116
584.989722 79.338116
585.492685 79.338116
585.995630 79.338116
586.498604 79.338116
587.001555 79.338116
587.504518 79.338116
588.007474 79.338116
588.510437 79.338116
589.013392 79.338116
589.516354 79.338116
590.019313 79.338116
590.522272 79.338116
591.025239 79.338116
591.528199 79.338116
592.031156 79.338116
592.534114 79.338116
593.037077 79.338116
593.540040 79.338116
594.042997 79.338116
594.545960 79.338116
595.048917 79.338116
595.551313 79.338116
596.054837 79.338116
596.557797 79.338116
597.060758 79.338116
597.563731 79.338116
598.066690 79.338116
598.569644 79.338116
599.072601 79.338116
599.575562 79.338116
600.080519 79.338116
600.585478 79.338116
601.090438 79.338116
601.595397 79.338116
602.100358 79.338116
602.605322 79.338116
603.110279 79.338116
603.615239 79.338116
604.120202 79.338116
604.625160 79.338116
605.130119 79.338116
605.635080 79.338116
606.140041 79.338116
606.645000 79.338116
607.149959 79.338116
607.654928 80.323651
608.159882 80.323651
608.664841 79.338116
609.169802 79.338116
609.674761 79.338116
610.179724 79.338116
610.684691 80.323651
611.189645 80.323651
611.694613 80.323651
612.199566 79.338116
612.704524 79.338116
613.209485 79.338116
613.714445 79.338116
614.219405 79.338116
614.724366 79.338116
615.229326 79.338116
615.734291 79.338116
616.239256 79.338116
616.744207 79.338116
617.249173 79.338116
617.754127 79.338116
618.259086 79.338116
618.764048 79.338116
619.269007 79.338116
619.773968 79.338116
620.278928 79.338116
620.783889 79.338116
621.288847 79.338116
621.800881 79.338116
622.305774 79.338116
622.810716 79.338116
623.315691 79.091732
623.820650 79.091732
624.325611 79.091732
624.830571 79.091732
625.335535 78.598964
625.840491 78.598964
626.345450 78.598964
626.850411 78.598964
627.355373 78.598964
627.860332 78.598964
628.365291 78.598964
628.870253 78.598964
629.375212 78.598964
629.880173 77.613429
630.385138 77.613429
630.890099 77.613429
631.395054 77.613429
631.900036 77.613429
632.404973 77.613429
632.909933 77.613429
633.414964 77.613429
633.919870 77.613429
634.424796 77.613429
634.929775 76.381510
635.434740 76.381510
635.939697 76.381510
636.444655 75.888742
636.949616 75.642359
637.454575 75.642359
637.959315 75.642359
638.464496 75.642359
638.969456 75.642359
639.477418 75.642359
639.982376 75.642359
640.487337 75.642359
640.992296 75.642359
641.497258 74.656824
642.002217 74.656824
642.507178 74.656824
643.012138 73.424905
643.517098 73.424905
644.022069 73.424905
644.527020 73.424905
645.031982 73.424905
645.536942 73.424905
646.042005 73.424905
646.546862 73.424905
647.051823 73.178521
647.556781 73.424905
648.061742 73.424905
648.566702 73.178521
649.071664 73.178521
649.576623 72.439369
650.081583 72.439369
650.586549 72.439369
651.091504 71.946602
651.596463 71.946602
652.101424 72.439369
652.606385 71.453834
653.111345 71.453834
653.616304 71.453834
654.121265 71.453834
654.626225 71.453834
655.131186 71.453834
655.636150 71.453834
656.141106 71.453834
656.646066 71.453834
657.151025 71.207450
657.655992 71.207450
658.160946 71.207450
658.665905 70.714683
659.170865 70.714683
659.675826 71.207450
660.180767 70.714683
660.685753 70.714683
661.190707 70.714683
661.695667 69.729148
662.200626 69.729148
662.705587 69.729148
663.210547 69.729148
663.715509 69.729148
664.220472 69.729148
664.725428 69.729148
665.230388 69.729148
665.735329 69.729148
666.240308 69.729148
666.745270 69.729148
667.250229 69.729148
667.755190 69.729148
668.260150 69.729148
668.765110 68.497229
669.270070 68.004461
669.775031 68.004461
670.279992 67.511694
670.784950 67.511694
671.289912 67.511694
671.794870 67.511694
672.299832 67.511694
672.804792 67.511694
673.309752 67.511694
673.814711 67.511694
674.319673 67.511694
674.824632 67.511694
675.329593 67.265310
675.834554 67.265310
676.339513 67.265310
676.844473 66.772542
677.349433 67.265310
677.854394 67.265310
678.359355 66.772542
678.864315 65.540623
679.369280 66.772542
679.874235 65.540623
680.379196 65.540623
680.884160 65.540623
681.389116 65.540623
681.894076 65.540623
682.399036 65.540623
682.903998 65.540623
683.408957 65.540623
683.913920 65.540623
684.418882 65.540623
684.923839 65.540623
685.436808 65.540623
685.941759 65.294239
686.446880 63.569553
686.951680 63.569553
687.456642 65.540623
687.961599 63.569553
688.466569 63.569553
688.971536 63.569553
689.476497 63.569553
689.981441 63.569553
690.486413 63.569553
690.991370 63.569553
691.496321 63.569553
692.001295 63.569553
692.506222 63.569553
693.011182 63.569553
693.516153 63.569553
694.021112 63.569553
694.526069 63.569553
695.031043 63.569553
695.536011 63.569553
696.040963 63.323169
696.545928 63.569553
697.050884 63.323169
697.555860 63.323169
698.060830 63.323169
698.565806 62.830402
699.070705 63.323169
699.575690 63.323169
700.080635 62.830402
700.585615 62.830402
701.090566 62.830402
701.595509 62.830402
702.100491 62.830402
702.605446 62.830402
703.110423 61.844866
703.615367 62.830402
704.120402 61.844866
704.625288 62.830402
705.130246 61.844866
705.635208 61.844866
706.140168 61.844866
706.645127 61.844866
707.150086 61.844866
707.655047 61.844866
708.159999 61.844866
708.665026 61.844866
709.169909 61.844866
709.674890 61.844866
710.179873 61.844866
710.684811 61.844866
711.189781 61.844866
711.694739 61.844866
712.199672 61.844866
712.704645 61.844866
713.209625 61.844866
713.714569 61.844866
714.219536 61.844866
714.724492 61.844866
715.229453 60.612947
715.734413 61.844866
716.239375 60.120180
716.744332 60.120180
717.249292 60.120180
717.754252 60.120180
718.259211 60.120180
718.764188 59.873796
719.269135 59.873796
719.774099 59.873796
720.279263 59.873796
720.785015 59.873796
721.288975 59.873796
721.793934 59.873796
722.298896 59.873796
722.803857 59.873796
723.308821 59.873796
723.813775 59.873796
724.318743 59.873796
724.823697 59.873796
725.328657 59.873796
725.833616 59.381028
726.338579 59.873796
726.843538 59.873796
727.348497 59.873796
727.853457 59.873796
728.358418 58.888261
728.863378 58.888261
729.368338 58.888261
729.873299 58.888261
730.378259 58.888261
730.883219 57.656342
731.388180 57.656342
731.893142 57.656342
732.398099 57.656342
732.903061 57.656342
733.408021 57.656342
733.912979 57.656342
734.417946 57.656342
734.922900 57.656342
735.427861 57.656342
735.932821 57.656342
736.437783 57.656342
736.942741 57.656342
737.447702 57.656342
737.952664 57.656342
738.457623 57.656342
738.962583 57.656342
739.467543 57.656342
739.972503 57.656342
740.477463 57.656342
740.982423 57.656342
741.487385 56.670807
741.992344 56.670807
742.497304 56.670807
743.002264 56.670807
743.507230 56.670807
744.012186 56.670807
744.517156 57.409958
745.022104 56.670807
745.527065 56.670807
746.032028 56.670807
746.536988 56.670807
747.041947 56.178039
747.546909 56.670807
748.051867 56.178039
748.556826 56.178039
749.061790 56.178039
749.566752 56.178039
750.071709 56.178039
750.576654 56.178039
751.081630 56.178039
751.586588 55.931655
752.091550 55.931655
752.596510 55.931655
753.101469 55.931655
753.606429 55.931655
754.111391 55.931655
754.616353 55.931655
755.121312 55.931655
755.626288 55.931655
756.131231 55.931655
756.636193 55.931655
757.141150 55.931655
757.646111 55.931655
758.151072 55.931655
758.656037 55.931655
759.160998 55.931655
759.665953 55.931655
760.170912 55.931655
760.675873 55.931655
761.180846 55.931655
761.685795 55.931655
762.190754 55.931655
762.695721 55.931655
763.199681 55.931655
763.704635 55.931655
764.209599 54.946120
764.714567 54.946120
765.219517 54.946120
765.724476 54.946120
766.229437 54.946120
766.734397 54.946120
767.242187 54.946120
767.747318 54.946120
768.252288 54.946120
768.757425 54.946120
769.263208 54.946120
769.768181 53.960585
770.273135 53.960585
770.778102 54.946120
771.283043 53.960585
771.788027 54.946120
772.292958 54.946120
772.797920 54.946120
773.302880 53.960585
773.807841 54.946120
774.312800 54.946120
774.817760 53.960585
775.322737 53.960585
775.827664 53.960585
776.332641 53.960585
776.837600 53.960585
777.342565 53.960585
777.847522 53.960585
778.352481 53.960585
778.857442 53.960585
779.362402 53.960585
779.867362 53.960585
780.372324 53.960585
780.877282 53.960585
781.383237 53.960585
781.888196 53.960585
782.393162 53.960585
782.898124 53.960585
783.403082 53.960585
783.908043 53.960585
784.413002 53.960585
784.917962 53.960585
785.422922 53.960585
785.927884 53.960585
786.432843 53.960585
786.937801 53.960585
787.442763 53.960585
787.947723 53.960585
788.452683 52.235898
788.957643 52.728666
789.462604 52.728666
789.967564 52.728666
790.472524 52.235898
790.977486 52.235898
791.482445 52.235898
791.987405 52.235898
792.492366 52.235898
792.997325 52.235898
793.502285 51.743131
794.007256 51.743131
794.512209 51.743131
795.017168 52.235898
795.522128 51.743131
796.027087 52.235898
796.532048 51.989515
797.037008 51.743131
797.541969 51.743131
798.046930 51.743131
798.551891 51.743131
799.056849 51.743131
799.561811 51.743131
800.066771 51.743131
800.571732 51.743131
801.076690 51.743131
801.581652 51.743131
802.086611 51.743131
802.591587 51.743131
803.096533 51.743131
803.601493 51.743131
804.106452 51.496747
804.611414 51.743131
805.116373 51.496747
805.621333 51.496747
806.126293 51.496747
806.631262 51.496747
807.136215 51.496747
807.641180 51.003980
808.146135 51.496747
808.651095 51.003980
809.156056 51.003980
809.661014 51.003980
810.165975 51.003980
810.670937 51.003980
811.175897 49.772061
811.680857 51.003980
812.185816 51.003980
812.690776 51.003980
813.195737 51.003980
813.700698 51.003980
814.205657 51.003980
814.710618 49.772061
815.215579 51.003980
815.720538 51.003980
816.225498 49.772061
816.730463 51.003980
817.235425 49.772061
817.740379 49.772061
818.245339 49.772061
818.750298 49.772061
819.255269 49.772061
819.760221 49.772061
820.265184 49.772061
820.770140 49.772061
821.275104 49.772061
821.780060 49.772061
822.285020 49.772061
822.789981 49.772061
823.294941 49.772061
823.799902 49.772061
824.304861 49.772061
824.809822 49.772061
825.314782 49.772061
825.819744 49.772061
826.324703 49.772061
826.829663 49.772061
827.334623 49.772061
827.839585 49.772061
828.344543 49.525677
828.849504 49.772061
829.354483 48.786525
829.859426 49.772061
830.364385 48.786525
830.869345 49.525677
831.374306 49.525677
831.879273 48.786525
832.384227 48.786525
832.889185 48.786525
833.394146 48.786525
833.899105 48.786525
834.404073 48.786525
834.909033 48.786525
835.413987 49.525677
835.918948 48.786525
836.423908 48.786525
836.928868 48.786525
837.433828 48.786525
837.938788 48.786525
838.443750 48.786525
838.948708 48.786525
839.453668 48.786525
839.958629 48.293758
840.463591 48.786525
840.968555 48.786525
841.473515 48.293758
841.978470 48.293758
842.483462 48.293758
842.988395 48.293758
843.493352 48.293758
843.998312 48.293758
844.503284 48.293758
845.008233 48.293758
845.513192 48.293758
846.018152 48.047374
846.523112 48.047374
847.028075 48.047374
847.533033 48.047374
848.037994 48.047374
848.542954 48.047374
849.047915 48.047374
849.552874 48.047374
850.057834 48.047374
850.562800 48.047374
851.067760 48.047374
851.572727 48.047374
852.077676 48.047374
852.582635 48.047374
853.087597 48.047374
853.592567 48.047374
854.097516 48.047374
854.602476 48.047374
855.107438 48.047374
855.612397 48.047374
856.117360 48.047374
856.622319 48.047374
857.127289 48.047374
857.632240 48.047374
858.137213 48.047374
858.642162 48.047374
859.147119 48.047374
859.652080 48.047374
860.157051 48.047374
860.662000 48.047374
861.166962 48.047374
861.671922 48.047374
862.176880 48.047374
862.681893 48.047374
863.186813 48.047374
863.691762 48.047374
864.196721 48.047374
864.701682 48.047374
865.206642 48.047374
865.711603 48.047374
866.216562 48.047374
866.721523 48.047374
867.226483 47.061839
867.731444 48.047374
868.236404 48.047374
868.741363 48.047374
869.246324 47.061839
869.751295 47.061839
870.256233 47.061839
870.761204 47.061839
871.266171 47.061839
871.771124 47.061839
872.276084 48.047374
872.781043 46.076304
873.286004 47.061839
873.790964 47.061839
874.295925 47.061839
874.799887 47.061839
875.304845 47.061839
875.809804 46.076304
876.314765 46.076304
876.819727 47.061839
877.324686 47.061839
877.829645 46.076304
878.334606 47.061839
878.839567 47.061839
879.344527 46.076304
879.849487 46.076304
880.354447 46.076304
880.859413 46.076304
881.364367 46.076304
881.869327 46.076304
882.374287 46.076304
882.879255 46.076304
883.384210 46.076304
883.889169 46.076304
884.394129 46.076304
884.899088 46.076304
885.404050 46.076304
885.909010 46.076304
886.413969 46.076304
886.918930 46.076304
887.423892 46.076304
887.928850 46.076304
888.433810 46.076304
888.937771 46.076304
889.442732 46.076304
889.947691 46.076304
890.452652 46.076304
890.957611 46.076304
891.462572 46.076304
891.967532 46.076304
892.472493 46.076304
892.977453 46.076304
893.482416 46.076304
893.987376 44.844385
894.492334 46.076304
894.997295 46.076304
895.502254 46.076304
896.007216 46.076304
896.512175 46.076304
897.017134 46.076304
897.522095 46.076304
898.027061 46.076304
898.532017 46.076304
899.036977 46.076304
899.541936 44.844385
900.046895 44.844385
900.551857 46.076304
901.056816 46.076304
901.561777 44.844385
902.066736 44.844385
902.571698 44.844385
903.076658 46.076304
903.581618 44.844385
904.086578 44.351617
904.591539 44.351617
905.096498 44.351617
905.601458 44.351617
906.106418 44.351617
906.611380 44.351617
907.116340 44.351617
907.621299 44.351617
908.126260 44.105233
908.631220 44.351617
909.136181 44.105233
909.641142 44.105233
910.146100 44.105233
910.651061 44.105233
911.156022 44.351617
911.660981 44.105233
912.165942 44.105233
912.670901 44.105233
913.175863 44.105233
913.680823 44.105233
914.185782 44.105233
914.690743 44.105233
915.195705 44.105233
915.700664 44.105233
916.205624 44.105233
916.710583 44.105233
917.215545 44.105233
917.720504 44.105233
918.225468 44.105233
918.730425 44.105233
919.235386 44.105233
919.740345 44.105233
920.245305 44.105233
920.750265 44.105233
921.255227 44.105233
921.760187 44.105233
922.265147 44.105233
922.770107 44.105233
923.275067 44.105233
923.780028 44.105233
924.284993 44.105233
924.789948 44.105233
925.294908 44.105233
925.799868 44.105233
926.304828 44.105233
926.809788 44.105233
927.314750 44.105233
927.819710 44.105233
928.324670 44.105233
928.829644 44.105233
929.334601 44.105233
929.839559 44.105233
930.344519 44.105233
930.849473 43.612466
931.354433 44.105233
931.859399 44.105233
932.364353 44.105233
932.869314 44.105233
933.374278 43.119698
933.879235 43.119698
934.384196 44.105233
934.889155 43.119698
935.394125 43.119698
935.899086 43.612466
936.404042 43.119698
936.908996 43.119698
937.413956 43.119698
937.918916 43.119698
938.423877 43.119698
938.928837 43.119698
939.433797 43.119698
939.938757 43.119698
940.443784 43.119698
940.948694 43.119698
941.453638 43.119698
941.958614 43.119698
942.463558 43.119698
942.968524 43.119698
943.473477 41.887779
943.978439 41.887779
944.483399 43.119698
944.988358 41.887779
945.493319 41.887779
945.998278 41.887779
946.503239 41.887779
947.008200 41.887779
947.513159 41.887779
948.018119 41.887779
948.523080 41.887779
949.028041 41.887779
949.533000 41.887779
950.037960 41.887779
950.542920 41.887779
951.047881 41.887779
951.552840 41.887779
952.057799 41.887779
952.562759 41.887779
953.067758 41.887779
953.572680 41.887779
954.077639 41.887779
954.582601 41.887779
955.087567 41.887779
955.592522 41.887779
956.097481 41.887779
956.602440 41.887779
957.107401 41.887779
957.612363 41.887779
958.117321 41.887779
958.622282 41.887779
959.127242 41.887779
959.632203 41.887779
960.137164 41.887779
960.642126 41.887779
961.147087 41.887779
961.652048 41.887779
962.157017 41.887779
962.661967 41.887779
963.166940 41.887779
963.671931 41.887779
964.176853 41.887779
964.681809 41.887779
965.186769 41.887779
965.691730 41.887779
966.196681 41.887779
966.701648 41.887779
967.206608 40.902244
967.711569 41.887779
968.216528 41.887779
968.721490 41.641395
969.226449 41.887779
969.731511 40.902244
970.236379 41.887779
970.741319 41.641395
971.246300 41.887779
971.751277 41.641395
972.256221 40.902244
972.761172 40.902244
973.266133 40.902244
973.771091 40.902244
974.276095 40.902244
974.781013 40.902244
975.285974 40.902244
975.790933 40.902244
976.295895 40.902244
976.800854 40.902244
977.305814 40.902244
977.810792 40.902244
978.315748 40.902244
978.820694 40.902244
979.325655 40.902244
979.830615 40.902244
980.335578 40.902244
980.840536 40.409476
981.345496 40.902244
981.850456 40.902244
982.355421 40.902244
982.860377 40.902244
983.365337 40.409476
983.870297 40.902244
984.375281 40.902244
984.880274 40.902244
985.385180 40.409476
985.890138 40.409476
986.395099 39.916709
986.900081 40.409476
987.405038 40.409476
987.909979 40.409476
988.414940 39.916709
988.919900 39.916709
989.424858 39.916709
989.929819 40.409476
990.434777 39.916709
990.939740 39.916709
991.444700 40.409476
991.949666 39.916709
992.454619 40.409476
992.959580 39.916709
993.464538 39.916709
993.969501 39.916709
994.474459 39.916709
994.979421 39.916709
995.484418 39.916709
995.989339 39.916709
996.494301 39.916709
996.999274 39.916709
997.504221 39.916709
998.009181 39.916709
998.514140 39.916709
999.019100 39.916709
999.524062 39.916709
1000.029022 39.916709
1000.533981 39.916709
1001.038942 39.916709
1001.543903 39.916709
1002.048861 39.916709
1002.553822 39.916709
1003.058783 39.916709
1003.563744 39.916709
1004.068702 39.916709
1004.573664 39.916709
1005.078623 39.916709
1005.583586 39.916709
1006.088584 39.916709
1006.593504 39.916709
1007.098464 39.916709
1007.603427 39.916709
1008.108386 39.916709
1008.613347 39.916709
1009.118309 39.916709
1009.623281 39.916709
1010.128241 39.916709
1010.633189 39.916709
1011.138148 39.916709
1011.643110 39.916709
1012.148070 39.670325
1012.653029 39.670325
1013.158073 39.916709
1013.662951 39.916709
1014.167912 39.670325
1014.671873 39.670325
1015.176832 39.670325
1015.681792 39.670325
1016.186751 39.670325
1016.691713 39.670325
1017.196671 39.670325
1017.701630 39.670325
1018.206590 39.670325
1018.711551 39.670325
1019.216511 39.670325
1019.721471 39.177558
1020.226431 39.670325
1020.731393 39.670325
1021.236355 39.670325
1021.741312 39.670325
1022.246273 39.670325
1022.751233 39.177558
1023.256194 39.670325
1023.761154 39.670325
1024.266114 39.177558
1024.771074 39.670325
1025.276035 39.177558
1025.780994 39.177558
1026.285955 39.670325
1026.790915 39.177558
1027.295876 39.177558
1027.800836 39.177558
1028.305796 39.177558
1028.809755 39.177558
1029.314715 39.177558
1029.819679 39.177558
1030.324638 39.177558
1030.829598 39.177558
1031.334560 39.177558
1031.839521 39.177558
1032.344479 39.177558
1032.849439 39.177558
1033.354401 39.177558
1033.859360 39.177558
1034.364319 39.177558
1034.869280 39.177558
1035.374240 39.177558
1035.879201 39.177558
1036.384162 39.177558
1036.889121 39.177558
1037.394081 39.177558
1037.899041 39.177558
1038.404014 39.177558
1038.908968 39.177558
1039.413923 39.177558
1039.918882 39.177558
1040.423848 39.177558
1040.928803 39.177558
1041.433763 39.177558
1041.938723 39.177558
1042.443684 38.192022
1042.948655 39.177558
1043.453604 39.177558
1043.958564 39.177558
1044.463526 38.192022
1044.968485 39.177558
1045.473446 39.177558
1045.978405 38.192022
1046.483366 38.192022
1046.988325 39.177558
1047.493287 38.192022
1047.998251 38.192022
1048.503206 38.192022
1049.008168 39.177558
1049.513127 38.192022
1050.018086 38.192022
1050.523047 38.192022
1051.028009 38.192022
1051.532972 38.192022
1052.037928 38.192022
1052.542888 38.192022
1053.047849 38.192022
1053.552809 38.192022
1054.057770 38.192022
1054.562730 38.192022
1055.067691 38.192022
1055.572654 38.192022
1056.077611 38.192022
1056.582571 38.192022
1057.087531 38.192022
1057.592491 38.192022
1058.097455 38.192022
1058.602415 38.192022
1059.107373 38.192022
1059.612331 38.192022
1060.117297 38.192022
1060.622252 38.192022
1061.127213 38.192022
1061.632174 38.192022
1062.137134 38.192022
1062.642097 38.192022
1063.147053 38.192022
1063.652014 38.192022
1064.156974 38.192022
1064.661942 38.192022
1065.166893 38.192022
1065.671855 38.192022
1066.176815 38.192022
1066.681775 38.192022
1067.186736 38.192022
1067.691707 38.192022
1068.196656 38.192022
1068.701617 38.192022
1069.206631 38.192022
1069.711538 38.192022
1070.216497 38.192022
1070.721457 38.192022
1071.226422 38.192022
1071.731382 38.192022
1072.236339 38.192022
1072.741298 38.192022
1073.246258 38.192022
1073.751219 38.192022
1074.256181 38.192022
1074.761144 38.192022
1075.266100 38.192022
1075.771060 38.192022
1076.276021 38.192022
1076.780980 38.192022
1077.285940 38.192022
1077.790900 38.192022
1078.295862 38.192022
1078.800828 38.192022
1079.305787 38.192022
1079.810741 36.960103
1080.315703 38.192022
1080.820663 38.192022
1081.325622 36.960103
1081.830582 36.960103
1082.335543 38.192022
1082.840503 38.192022
1083.345467 38.192022
1083.850424 38.192022
1084.355385 38.192022
1084.860345 38.192022
1085.365309 36.960103
1085.870264 38.192022
1086.375228 36.960103
1086.880186 38.192022
1087.385146 36.960103
1087.890134 36.960103
1088.395065 36.467336
1088.900026 38.192022
1089.404986 36.467336
1089.909946 36.467336
1090.414906 36.960103
1090.919867 36.467336
1091.424827 36.960103
1091.929787 36.960103
1092.434747 36.467336
1092.939709 36.467336
1093.444667 36.467336
1093.949628 36.467336
1094.454592 36.467336
1094.959550 36.467336
1095.464509 36.960103
1095.969470 36.467336
1096.474429 36.467336
1096.979390 36.467336
1097.484354 36.467336
1097.989309 36.467336
1098.494275 36.467336
1098.999234 36.467336
1099.504192 35.974568
1100.009152 36.467336
1100.514111 36.467336
1101.019072 36.467336
1101.524033 36.467336
1102.028993 36.467336
1102.533950 36.467336
1103.038912 36.467336
1103.543872 36.467336
1104.048832 36.467336
1104.553792 35.974568
1105.058753 36.220952
1105.563715 36.467336
1106.068678 35.974568
1106.573635 35.974568
1107.078595 35.974568
1107.583556 36.220952
1108.088516 35.974568
1108.593475 35.974568
1109.098436 36.220952
1109.603402 35.974568
1110.108357 35.974568
1110.613330 35.974568
1111.118275 36.467336
1111.623253 35.974568
1112.128199 35.974568
1112.633168 35.974568
1113.138129 35.974568
1113.643102 35.974568
1114.148030 35.974568
1114.653009 35.974568
1115.157984 35.974568
1115.662917 35.974568
1116.167969 35.974568
1116.672850 35.974568
1117.177814 35.974568
1117.682760 35.974568
1118.187721 35.974568
1118.692680 35.974568
1119.198642 35.974568
1119.703602 35.974568
1120.208555 35.974568
1120.713519 35.974568
1121.218480 35.974568
1121.723442 35.974568
1122.228401 35.974568
1122.733361 35.974568
1123.238322 35.974568
1123.743288 35.974568
1124.248242 35.974568
1124.753203 35.974568
1125.258162 35.974568
1125.763124 35.974568
1126.268085 35.974568
1126.773044 35.974568
1127.278005 35.974568
1127.782964 35.974568
1128.287926 35.974568
1128.792885 35.974568
1129.297845 35.974568
1129.802805 35.974568
1130.307765 35.974568
1130.812723 35.974568
1131.317684 35.728184
1131.822643 35.974568
1132.327606 35.974568
1132.832566 35.974568
1133.337527 35.974568
1133.842492 35.728184
1134.347448 35.728184
1134.852418 35.974568
1135.357368 35.974568
1135.862327 35.974568
1136.367293 35.974568
1136.872248 35.974568
1137.377208 35.728184
1137.882169 35.974568
1138.387127 35.974568
1138.892113 35.728184
1139.397050 35.974568
1139.902010 35.728184
1140.406969 35.728184
1140.911930 35.728184
1141.416890 35.235417
1141.921850 35.728184
1142.426810 35.235417
1142.931771 35.728184
1143.436730 35.728184
1143.941691 35.728184
1144.446652 35.728184
1144.951612 35.728184
1145.456573 35.728184
1145.961532 35.728184
1146.466492 35.235417
1146.971453 35.728184
1147.476412 35.728184
1147.981372 35.235417
1148.486333 35.235417
1148.991294 35.728184
1149.496254 35.235417
1150.001215 35.728184
1150.506174 35.235417
1151.011136 35.728184
1151.516098 35.728184
1152.021060 35.235417
1152.526022 35.235417
1153.030976 35.235417
1153.535937 35.728184
1154.040896 35.235417
1154.544857 35.235417
1155.049816 35.235417
1155.554778 35.235417
1156.059738 35.235417
1156.564697 35.235417
1157.069661 35.235417
1157.574618 35.235417
1158.079579 35.235417
1158.584538 35.235417
1159.089503 34.003498
1159.594458 35.235417
1160.099419 35.235417
1160.604378 35.235417
1161.109339 35.235417
1161.614304 35.235417
1162.119275 35.235417
1162.624222 35.235417
1163.129181 34.003498
1163.634140 35.235417
1164.139100 35.235417
1164.644063 35.235417
1165.149021 35.235417
1165.653982 34.003498
1166.158948 34.003498
1166.663903 35.235417
1167.168867 34.003498
1167.673822 35.235417
1168.178782 35.235417
1168.683744 35.235417
1169.188703 34.003498
1169.693663 35.235417
1170.198622 34.003498
1170.703589 35.235417
1171.208544 35.235417
1171.713512 35.235417
1172.218465 35.235417
1172.723425 35.235417
1173.228384 34.003498
1173.733346 34.003498
1174.238318 34.003498
1174.743278 34.003498
1175.248227 35.235417
1175.753187 34.003498
1176.258145 34.003498
1176.763112 34.003498
1177.268067 34.003498
1177.773027 34.003498
1178.277992 34.003498
1178.782947 34.003498
1179.287908 34.003498
1179.792868 34.003498
1180.297828 34.003498
1180.802770 34.003498
1181.307754 34.003498
1181.812709 34.003498
1182.317669 35.235417
1182.822630 34.003498
1183.327590 35.235417
1183.832549 34.003498
1184.337510 34.003498
1184.842474 34.003498
1185.347431 34.003498
1185.852393 34.003498
1186.357351 34.003498
1186.862310 34.003498
1187.367283 34.003498
1187.872232 34.003498
1188.377192 34.003498
1188.882152 34.003498
1189.387113 34.003498
1189.892077 34.003498
1190.397033 34.003498
1190.901994 34.003498
1191.406952 34.003498
1191.911919 34.003498
1192.416874 34.003498
1192.921833 34.003498
1193.426794 34.003498
1193.931755 34.003498
1194.436714 34.003498
1194.941676 34.003498
1195.446635 34.003498
1195.951610 34.003498
1196.455563 34.003498
1196.960536 34.003498
1197.465477 34.003498
1197.970437 34.003498
1198.475398 34.003498
1198.980365 34.003498
1199.485318 34.003498
1199.990277 34.003498
